9 0 9993 9993 11311 3 none
10 0 9993 9993 45159 8 none
10 0 9993 9993 45541 9 none
10 0 9993 9993 41237 10 none
9 0 9993 9993 39453 11 none
9 0 9993 9993 35231 12 none
8 0 9993 10075 58526 10 none
9 0 9993 9993 35231 14 none
9 0 9993 9993 39685 15 none
9 0 9993 9993 43599 16 none
9 0 9993 9993 42831 17 none
9 0 9993 9993 39613 18 none
9 0 9993 9993 38069 19 none
9 0 9993 9993 34629 20 none
9 0 9993 9993 39123 21 none
8 0 9993 10075 41610 8 none
9 0 9993 9993 39123 22 none
7 1615987474872856515 9993 10075 23 16 none
7 1615987474881773119 9993 10075 21 31 none
7 1615987474881813765 9993 10075 20 35 none
9 0 9993 9993 42505 24 none
9 0 9993 9993 57413 25 none
7 1615987474895745639 9993 10075 22 31 none
7 1615987474895765344 9993 10075 22 0 none
3 1615987474895807948 9993 10074 0 0 none
7 1615987474895850700 9993 10075 24 30 none
7 1615987474895858220 9993 10075 24 0 none
3 1615987474895861115 9993 10074 0 1 none
7 1615987474895871778 9993 10075 25 71 none
9 0 9993 9993 51355 26 none
4 1615987474895906481 9993 10121 0 0 N8tf2_msgs10TFMessage_ISaIvEEE
5 1615987474895914221 9993 10121 0 0 none
4 1615987474895924870 9993 10121 1 0 N8tf2_msgs10TFMessage_ISaIvEEE
5 1615987474895925843 9993 10121 0 0 none
7 1615987474896406888 9993 10075 26 47 none
9 0 9993 9993 39691 27 none
7 1615987474896670794 9993 10075 27 33 none
7 1615987474896706981 9993 10075 27 0 none
7 1615987474896743401 9993 10075 27 875901239 none
7 1615987474896763354 9993 10075 27 43909123 none
3 1615987474896767693 9993 10074 0 2 none
8 0 9993 10075 58738 10 none
9 0 9993 9993 59593 12 none
7 1615987475094049482 9993 10075 12 54 none
8 0 9993 10075 41686 8 none
7 1615987475098291309 9993 10075 13 62 none
