9 0 9896 9896 11311 3 none
10 0 9896 9896 54707 8 none
10 0 9896 9896 47799 9 none
10 0 9896 9896 37931 10 none
9 0 9896 9896 39453 11 none
9 0 9896 9896 35231 12 none
8 0 9896 9918 52404 10 none
9 0 9896 9896 35231 14 none
9 0 9896 9896 39613 15 none
8 0 9896 9918 52514 10 none
9 0 9896 9896 41597 17 none
8 0 9896 9918 52586 10 none
8 0 9896 9918 52616 10 none
8 0 9896 9918 33388 8 none
9 0 9896 9896 34629 13 none
7 1615987474459096762 9896 9917 20 16 none
7 1615987474473550969 9896 9917 13 35 none
9 0 9896 9896 39123 21 none
9 0 9896 9896 39123 22 none
9 0 9896 9896 39691 23 none
7 1615987474474285932 9896 9917 21 31 none
7 1615987474474315504 9896 9917 22 31 none
7 1615987474474333627 9896 9917 22 0 none
3 1615987474474395695 9896 9917 0 0 none
4 1615987474474531312 9896 9924 0 0 N8tf2_msgs10TFMessage_ISaIvEEE
5 1615987474474543160 9896 9924 0 0 none
7 1615987474474586437 9896 9917 23 33 none
7 1615987474474635664 9896 9917 23 0 none
7 1615987474474707095 9896 9917 23 875901239 none
7 1615987474474752600 9896 9917 23 20905987 none
3 1615987474474758316 9896 9917 0 1 none
4 1615987474474873687 9896 9924 1 0 N22autoware_lanelet2_msgs7MapBin_ISaIvEEE
8 0 9896 9918 52782 10 none
9 0 9896 9896 39685 12 none
8 0 9896 9918 33518 8 none
7 1615987474575122235 9896 9917 14 118 none
9 0 9896 9896 55457 15 none
8 0 9896 9918 33522 8 none
7 1615987474575662217 9896 9917 17 78 none
7 1615987474575765591 9896 9917 15 51 none
9 0 9896 9896 42505 18 none
7 1615987474696218161 9896 9917 18 30 none
7 1615987474696233590 9896 9917 18 0 none
3 1615987474696238642 9896 9917 0 2 none
4 1615987474696255668 9896 9924 2 0 N8tf2_msgs10TFMessage_ISaIvEEE
5 1615987474696259716 9896 9924 0 0 none
5 1615987475882578721 9896 9924 0 0 none
8 0 9896 9918 53328 10 none
8 0 9896 9918 34062 8 none
7 1615987476300526741 9896 9917 19 14 none
