9 0 9900 9900 11311 3 none
10 0 9900 9900 36469 8 none
10 0 9900 9900 45516 9 none
10 0 9900 9900 32811 10 none
8 0 9900 9965 36394 10 none
9 0 9900 9900 37931 11 none
0 1615987474432300046 9900 9966 0 0 none
2 1615987474433304770 9900 9964 0 0 none
9 0 9900 9900 12148 14 none
10 0 9900 9900 99 19 none
9 0 9900 9900 54707 33 none
6 1615987474575496843 9900 9964 78 78 none
7 1615987474575730497 9900 9965 33 79 none
8 0 9900 9965 37296 8 none
7 1615987474608694149 9900 9965 11 16 none
6 1615987474608754555 9900 9964 78 78 none
6 1615987474608761679 9900 9964 0 0 none
8 0 9900 9965 37138 10 none
8 0 9900 9965 37136 10 none
8 0 9900 9965 37750 8 none
7 1615987476199295063 9900 9965 34 71 none
8 0 9900 9965 37752 8 none
7 1615987476199472587 9900 9965 12 118 none
6 1615987476199487776 9900 9964 78 78 none
6 1615987476199501979 9900 9964 78 78 none
