9 0 9837 9837 11311 3 none
10 0 9837 9837 42505 8 none
10 0 9837 9837 58095 9 none
10 0 9837 9837 39685 10 none
8 0 9837 9849 58256 10 none
8 0 9837 9849 58268 10 none
9 0 9837 9837 39413 13 none
8 0 9837 9849 55540 8 none
7 1615987474456806149 9837 9848 14 16 none
9 0 9837 9837 36449 11 none
7 1615987474465889283 9837 9848 11 35 none
7 1615987474465926108 9837 9848 11 0 none
7 1615987474466003246 9837 9848 11 3199493148 none
7 1615987474466096062 9837 9848 11 1089079192 none
7 1615987474466188711 9837 9848 11 1063677267 none
7 1615987474466882312 9837 9848 11 1071182641 none
7 1615987474467278771 9837 9848 11 1082902433 none
7 1615987474467345014 9837 9848 11 12572564 none
7 1615987474467411996 9837 9848 11 1193612331 none
7 1615987474467517065 9837 9848 11 3276219782 none
7 1615987474467711460 9837 9848 11 1065353216 none
7 1615987474467946218 9837 9848 11 2932078143 none
3 1615987474467984670 9837 9848 4094075064 0 none
4 1615987474475968901 9837 9837 0 4094075064 N3pcl10PointCloudINS_8PointXYZEEE
0 1615987474499974949 9837 9837 0 0 none
1 1615987474499951904 9837 9837 1 1 none
8 0 9837 9849 58644 10 none
2 1615987474500120994 9837 9848 0 0 none
5 1615987474502038704 9837 9837 4094075064 0 none
0 1615987474502056449 9837 9837 0 1 none
2 1615987474502075634 9837 9848 1 0 none
6 1615987474502090643 9837 9848 0 0 none
8 0 9837 9849 58648 10 none
8 0 9837 9849 58650 10 none
8 0 9837 9849 58654 10 none
8 0 9837 9849 58658 10 none
8 0 9837 9849 58662 10 none
8 0 9837 9849 58682 10 none
8 0 9837 9849 58686 10 none
8 0 9837 9849 58690 10 none
8 0 9837 9849 58722 10 none
8 0 9837 9849 55736 8 none
7 1615987474602141048 9837 9848 24 35 none
6 1615987474602168229 9837 9848 30 30 none
6 1615987474602181164 9837 9848 0 0 none
8 0 9837 9849 58760 10 none
8 0 9837 9849 58764 10 none
8 0 9837 9849 58768 10 none
8 0 9837 9849 58792 10 none
8 0 9837 9849 58798 10 none
8 0 9837 9849 58812 10 none
8 0 9837 9849 58824 10 none
8 0 9837 9849 58850 10 none
8 0 9837 9849 58856 10 none
8 0 9837 9849 55850 8 none
8 0 9837 9849 55862 8 none
7 1615987474684113273 9837 9848 15 87 none
6 1615987474684144967 9837 9848 30 30 none
6 1615987474684159865 9837 9848 0 0 none
7 1615987474696139583 9837 9848 33 79 none
6 1615987474696177210 9837 9848 30 30 none
6 1615987474696185517 9837 9848 0 0 none
8 0 9837 9849 55870 8 none
7 1615987474700018095 9837 9848 21 47 none
6 1615987474700052339 9837 9848 30 30 none
6 1615987474700068127 9837 9848 0 0 none
8 0 9837 9849 55874 8 none
8 0 9837 9849 55876 8 none
7 1615987474705320630 9837 9848 34 69 none
6 1615987474705352125 9837 9848 30 30 none
6 1615987474705366609 9837 9848 0 0 none
8 0 9837 9849 55906 8 none
7 1615987474727501514 9837 9848 18 93 none
6 1615987474727526294 9837 9848 30 30 none
6 1615987474727532410 9837 9848 0 0 none
8 0 9837 9849 55910 8 none
7 1615987474732035869 9837 9848 17 71 none
6 1615987474732068466 9837 9848 30 30 none
6 1615987474732082723 9837 9848 0 0 none
7 1615987474732436919 9837 9848 27 39 none
6 1615987474732460504 9837 9848 30 30 none
6 1615987474732467183 9837 9848 0 0 none
8 0 9837 9849 55930 8 none
7 1615987474736482927 9837 9848 16 57 none
6 1615987474736514413 9837 9848 30 30 none
6 1615987474736526183 9837 9848 0 0 none
8 0 9837 9849 55954 8 none
7 1615987474773548688 9837 9848 19 51 none
6 1615987474773578102 9837 9848 30 30 none
6 1615987474773591415 9837 9848 0 0 none
8 0 9837 9849 55958 8 none
7 1615987474774096504 9837 9848 20 62 none
6 1615987474774116249 9837 9848 30 30 none
6 1615987474774130207 9837 9848 0 0 none
8 0 9837 9849 55980 8 none
7 1615987474819774447 9837 9848 22 91 none
6 1615987474819806184 9837 9848 30 30 none
6 1615987474819819464 9837 9848 0 0 none
8 0 9837 9849 55990 8 none
7 1615987474825960067 9837 9848 28 92 none
6 1615987474825992903 9837 9848 30 30 none
6 1615987474826008028 9837 9848 0 0 none
8 0 9837 9849 55998 8 none
7 1615987474836660795 9837 9848 29 87 none
6 1615987474836696897 9837 9848 30 30 none
6 1615987474836712541 9837 9848 0 0 none
8 0 9837 9849 56014 8 none
7 1615987474872837482 9837 9848 25 50 none
6 1615987474872872469 9837 9848 30 30 none
6 1615987474872886701 9837 9848 0 0 none
8 0 9837 9849 56018 8 none
7 1615987474873439012 9837 9848 30 62 none
6 1615987474873464277 9837 9848 30 30 none
6 1615987474873477475 9837 9848 0 0 none
8 0 9837 9849 56020 8 none
7 1615987474890503474 9837 9848 13 54 none
6 1615987474890530376 9837 9848 30 30 none
6 1615987474890540820 9837 9848 0 0 none
8 0 9837 9849 56032 8 none
7 1615987474895679448 9837 9848 23 62 none
6 1615987474895711195 9837 9848 30 30 none
6 1615987474895723399 9837 9848 0 0 none
8 0 9837 9849 56042 8 none
7 1615987474925349303 9837 9848 31 87 none
6 1615987474925375840 9837 9848 30 30 none
6 1615987474925387447 9837 9848 0 0 none
8 0 9837 9849 59120 10 none
8 0 9837 9849 56132 8 none
7 1615987475580381065 9837 9848 32 14 none
6 1615987475580407690 9837 9848 30 30 none
6 1615987475580420313 9837 9848 0 0 none
