9 0 9923 9923 11311 3 none
10 0 9923 9923 59593 8 none
10 0 9923 9923 44223 9 none
10 0 9923 9923 38069 10 none
9 0 9923 9923 39453 11 none
9 0 9923 9923 35231 12 none
9 0 9923 9923 35231 13 none
9 0 9923 9923 39613 14 none
9 0 9923 9923 41597 15 none
8 0 9923 9937 50934 10 none
8 0 9923 9937 51110 10 none
8 0 9923 9937 51200 10 none
9 0 9923 9923 34629 19 none
9 0 9923 9923 39123 20 none
9 0 9923 9923 39123 21 none
9 0 9923 9923 39691 22 none
9 0 9923 9923 55457 23 none
9 0 9923 9923 39685 11 none
7 1615987474583216688 9923 9937 20 31 none
7 1615987474583252932 9923 9937 21 31 none
7 1615987474583263104 9923 9937 21 0 none
3 1615987474583301309 9923 9936 0 0 none
7 1615987474583325824 9923 9937 19 35 none
7 1615987474583334763 9923 9937 22 33 none
7 1615987474583372390 9923 9937 22 0 none
7 1615987474583376932 9923 9937 23 51 none
4 1615987474583377901 9923 9946 0 0 N8tf2_msgs10TFMessage_ISaIvEEE
5 1615987474583385898 9923 9946 0 0 none
7 1615987474583414930 9923 9937 22 20905987 none
7 1615987474583422796 9923 9937 22 0 none
3 1615987474583426437 9923 9936 0 1 none
8 0 9923 9937 45218 8 none
7 1615987474610098070 9923 9937 12 16 none
8 0 9923 9937 51356 10 none
8 0 9923 9937 51370 10 none
9 0 9923 9923 34163 15 none
8 0 9923 9937 45374 8 none
7 1615987474734276164 9923 9937 16 62 none
8 0 9923 9937 51468 10 none
8 0 9923 9937 45418 8 none
7 1615987474773994310 9923 9937 24 62 none
8 0 9923 9937 51478 10 none
9 0 9923 9923 43199 25 none
9 0 9923 9923 42505 26 none
9 0 9923 9923 57071 27 none
7 1615987474890601871 9923 9937 26 30 none
7 1615987474890612113 9923 9937 26 0 none
3 1615987474890621636 9923 9936 0 2 none
4 1615987474890641008 9923 9946 2 0 N8tf2_msgs10TFMessage_ISaIvEEE
5 1615987474890644130 9923 9946 0 0 none
7 1615987474890656443 9923 9937 27 87 none
9 0 9923 9923 51725 11 none
7 1615987474997960129 9923 9937 11 62 none
8 0 9923 9937 45542 8 none
7 1615987475093990430 9923 9937 15 62 none
9 0 9923 9923 46643 17 none
9 0 9923 9923 55365 25 none
7 1615987546132030041 9923 9937 25 15 none
7 1615987546192397589 9923 9937 25 1 none
3 1615987546192420982 9923 9936 1 3 none
7 1615987546342976224 9923 9937 25 2 none
3 1615987546342984799 9923 9936 2 4 none
7 1615987546545259721 9923 9937 25 3 none
3 1615987546545322177 9923 9936 3 5 none
7 1615987546697213419 9923 9937 25 4 none
3 1615987546697237398 9923 9936 4 6 none
7 1615987546848369191 9923 9937 25 5 none
3 1615987546848396848 9923 9936 5 7 none
7 1615987546999892734 9923 9937 25 6 none
3 1615987546999920107 9923 9936 6 8 none
7 1615987547202488237 9923 9937 25 7 none
3 1615987547202553998 9923 9936 7 9 none
7 1615987547353044880 9923 9937 25 8 none
3 1615987547353050569 9923 9936 8 10 none
7 1615987547504673354 9923 9937 25 9 none
3 1615987547504679767 9923 9936 9 11 none
7 1615987547706423845 9923 9937 25 10 none
3 1615987547706435546 9923 9936 10 12 none
7 1615987547857570810 9923 9937 25 11 none
3 1615987547857581277 9923 9936 11 13 none
7 1615987548009314115 9923 9937 25 12 none
3 1615987548009339374 9923 9936 12 14 none
7 1615987548160624296 9923 9937 25 13 none
3 1615987548160633659 9923 9936 13 15 none
7 1615987548364048365 9923 9937 25 14 none
3 1615987548364080561 9923 9936 14 16 none
7 1615987548516476923 9923 9937 25 15 none
3 1615987548516507220 9923 9936 15 17 none
7 1615987548876978274 9923 9937 25 16 none
3 1615987548877000068 9923 9936 16 18 none
7 1615987548877589868 9923 9937 25 17 none
3 1615987548877622322 9923 9936 17 19 none
7 1615987549027392036 9923 9937 25 18 none
3 1615987549027409551 9923 9936 18 20 none
7 1615987549330231817 9923 9937 25 19 none
3 1615987549330247676 9923 9936 19 21 none
7 1615987549380782386 9923 9937 25 20 none
3 1615987549380812546 9923 9936 20 22 none
7 1615987549532267544 9923 9937 25 21 none
3 1615987549532292837 9923 9936 21 23 none
7 1615987549737523732 9923 9937 25 22 none
3 1615987549737547029 9923 9936 22 24 none
7 1615987549839104438 9923 9937 25 23 none
3 1615987549839133400 9923 9936 23 25 none
7 1615987550192963539 9923 9937 25 24 none
3 1615987550193008368 9923 9936 24 26 none
7 1615987550347432204 9923 9937 25 25 none
3 1615987550347443862 9923 9936 25 27 none
7 1615987550701480102 9923 9937 25 26 none
3 1615987550701509467 9923 9936 26 28 none
7 1615987550857079045 9923 9937 25 27 none
3 1615987550857103408 9923 9936 27 29 none
7 1615987551058660457 9923 9937 25 28 none
3 1615987551058707932 9923 9936 28 30 none
7 1615987551210376284 9923 9937 25 29 none
3 1615987551210403035 9923 9936 29 31 none
7 1615987551362961779 9923 9937 25 30 none
3 1615987551362990263 9923 9936 30 32 none
7 1615987551513191077 9923 9937 25 31 none
3 1615987551513198812 9923 9936 31 33 none
7 1615987551665242314 9923 9937 25 32 none
3 1615987551665302104 9923 9936 32 34 none
7 1615987551869752307 9923 9937 25 33 none
3 1615987551869781340 9923 9936 33 35 none
7 1615987552020406131 9923 9937 25 34 none
3 1615987552020434786 9923 9936 34 36 none
7 1615987552171771967 9923 9937 25 35 none
3 1615987552171866744 9923 9936 35 37 none
7 1615987552325797742 9923 9937 25 36 none
3 1615987552325826351 9923 9936 36 38 none
7 1615987552580572462 9923 9937 25 37 none
3 1615987552580607663 9923 9936 37 39 none
7 1615987552681542007 9923 9937 25 38 none
3 1615987552681547410 9923 9936 38 40 none
7 1615987552888725043 9923 9937 25 39 none
3 1615987552888747059 9923 9936 39 41 none
7 1615987553040067990 9923 9937 25 40 none
3 1615987553040075469 9923 9936 40 42 none
7 1615987553191432896 9923 9937 25 41 none
3 1615987553191453537 9923 9936 41 43 none
7 1615987553343773135 9923 9937 25 42 none
3 1615987553343796347 9923 9936 42 44 none
7 1615987553496832098 9923 9937 25 43 none
3 1615987553496839396 9923 9936 43 45 none
7 1615987553698667350 9923 9937 25 44 none
3 1615987553698701301 9923 9936 44 46 none
7 1615987553851471872 9923 9937 25 45 none
3 1615987553851480322 9923 9936 45 47 none
7 1615987554008125688 9923 9937 25 46 none
3 1615987554008170227 9923 9936 46 48 none
7 1615987554209627995 9923 9937 25 47 none
3 1615987554209654462 9923 9936 47 49 none
7 1615987554361805089 9923 9937 25 48 none
3 1615987554361812961 9923 9936 48 50 none
7 1615987554516279910 9923 9937 25 49 none
3 1615987554516288356 9923 9936 49 51 none
7 1615987554668104781 9923 9937 25 50 none
3 1615987554668130323 9923 9936 50 52 none
7 1615987554920905681 9923 9937 25 51 none
3 1615987554920914082 9923 9936 51 53 none
7 1615987555021899915 9923 9937 25 52 none
3 1615987555021923137 9923 9936 52 54 none
7 1615987555172907823 9923 9937 25 53 none
3 1615987555172916249 9923 9936 53 55 none
7 1615987555533096625 9923 9937 25 54 none
3 1615987555533125709 9923 9936 54 56 none
7 1615987555684293139 9923 9937 25 55 none
3 1615987555684328466 9923 9936 55 57 none
7 1615987555684357667 9923 9937 25 56 none
3 1615987555684363911 9923 9936 56 58 none
7 1615987555836014922 9923 9937 25 57 none
3 1615987555836039140 9923 9936 57 59 none
7 1615987556037844323 9923 9937 25 58 none
3 1615987556037856335 9923 9936 58 60 none
7 1615987556188798564 9923 9937 25 59 none
3 1615987556188805819 9923 9936 59 61 none
7 1615987556543440476 9923 9937 25 60 none
3 1615987556543464626 9923 9936 60 62 none
7 1615987556543492939 9923 9937 25 61 none
3 1615987556543497260 9923 9936 61 63 none
7 1615987556846430963 9923 9937 25 62 none
3 1615987556846455630 9923 9936 62 64 none
7 1615987557000607687 9923 9937 25 63 none
3 1615987557000655538 9923 9936 63 65 none
7 1615987557000685369 9923 9937 25 64 none
3 1615987557000690780 9923 9936 64 66 none
7 1615987557356531845 9923 9937 25 65 none
3 1615987557356559407 9923 9936 65 67 none
7 1615987557510710366 9923 9937 25 66 none
3 1615987557510738955 9923 9936 66 68 none
7 1615987557563684910 9923 9937 25 67 none
3 1615987557563697607 9923 9936 67 69 none
7 1615987557867302150 9923 9937 25 68 none
3 1615987557867332679 9923 9936 68 70 none
7 1615987558019209344 9923 9937 25 69 none
3 1615987558019238767 9923 9936 69 71 none
7 1615987558170022579 9923 9937 25 70 none
3 1615987558170050625 9923 9936 70 72 none
7 1615987558374649996 9923 9937 25 71 none
3 1615987558374678758 9923 9936 71 73 none
7 1615987558532552571 9923 9937 25 72 none
3 1615987558532582506 9923 9936 72 74 none
7 1615987558683516966 9923 9937 25 73 none
3 1615987558683539470 9923 9936 73 75 none
7 1615987558885552005 9923 9937 25 74 none
3 1615987558885576316 9923 9936 74 76 none
7 1615987559036929791 9923 9937 25 75 none
3 1615987559036942228 9923 9936 75 77 none
7 1615987559188863396 9923 9937 25 76 none
3 1615987559188886548 9923 9936 76 78 none
7 1615987559188915042 9923 9937 25 77 none
3 1615987559188921297 9923 9936 77 79 none
7 1615987559546839044 9923 9937 25 78 none
3 1615987559546863648 9923 9936 78 80 none
7 1615987559698750318 9923 9937 25 79 none
3 1615987559698774683 9923 9936 79 81 none
7 1615987559698803793 9923 9937 25 80 none
3 1615987559698808529 9923 9936 80 82 none
7 1615987560001130038 9923 9937 25 81 none
3 1615987560001138641 9923 9936 81 83 none
7 1615987560205493038 9923 9937 25 82 none
3 1615987560205537740 9923 9936 82 84 none
7 1615987560206038109 9923 9937 25 83 none
3 1615987560206056553 9923 9936 83 85 none
7 1615987560356238870 9923 9937 25 84 none
3 1615987560356272329 9923 9936 84 86 none
7 1615987560507445609 9923 9937 25 85 none
3 1615987560507472897 9923 9936 85 87 none
7 1615987560713935863 9923 9937 25 86 none
3 1615987560713965049 9923 9936 86 88 none
7 1615987561016559082 9923 9937 25 87 none
3 1615987561016587770 9923 9936 87 89 none
7 1615987561016644252 9923 9937 25 88 none
3 1615987561016654329 9923 9936 88 90 none
7 1615987561168052470 9923 9937 25 89 none
3 1615987561168082827 9923 9936 89 91 none
7 1615987561369682478 9923 9937 25 90 none
3 1615987561369710493 9923 9936 90 92 none
7 1615987561520723482 9923 9937 25 91 none
3 1615987561520769900 9923 9936 91 93 none
7 1615987561723440618 9923 9937 25 92 none
3 1615987561723464909 9923 9936 92 94 none
7 1615987561824112435 9923 9937 25 93 none
3 1615987561824141996 9923 9936 93 95 none
7 1615987562029477242 9923 9937 25 94 none
3 1615987562029506755 9923 9936 94 96 none
7 1615987562184167228 9923 9937 25 95 none
3 1615987562184184153 9923 9936 95 97 none
7 1615987562335516551 9923 9937 25 96 none
3 1615987562335545356 9923 9936 96 98 none
7 1615987562536871258 9923 9937 25 97 none
3 1615987562536898178 9923 9936 97 99 none
7 1615987562691914943 9923 9937 25 98 none
3 1615987562691940891 9923 9936 98 100 none
7 1615987562843403549 9923 9937 25 99 none
3 1615987562843428279 9923 9936 99 101 none
7 1615987562994430080 9923 9937 25 100 none
3 1615987562994459956 9923 9936 100 102 none
7 1615987563197845399 9923 9937 25 101 none
3 1615987563197872398 9923 9936 101 103 none
7 1615987563350614932 9923 9937 25 102 none
3 1615987563350644897 9923 9936 102 104 none
7 1615987563603493644 9923 9937 25 103 none
3 1615987563603520781 9923 9936 103 105 none
7 1615987563711436560 9923 9937 25 104 none
3 1615987563711446540 9923 9936 104 106 none
7 1615987563863114901 9923 9937 25 105 none
3 1615987563863147670 9923 9936 105 107 none
7 1615987564014501022 9923 9937 25 106 none
3 1615987564014532424 9923 9936 106 108 none
7 1615987564165724204 9923 9937 25 107 none
3 1615987564165769734 9923 9936 107 109 none
7 1615987564371968195 9923 9937 25 108 none
3 1615987564371995433 9923 9936 108 110 none
7 1615987564522814644 9923 9937 25 109 none
3 1615987564522829121 9923 9936 109 111 none
7 1615987564878993038 9923 9937 25 110 none
3 1615987564879022920 9923 9936 110 112 none
7 1615987564879057096 9923 9937 25 111 none
3 1615987564879067383 9923 9936 111 113 none
7 1615987565029211031 9923 9937 25 112 none
3 1615987565029221767 9923 9936 112 114 none
7 1615987565180489619 9923 9937 25 113 none
3 1615987565180496257 9923 9936 113 115 none
7 1615987565334404328 9923 9937 25 114 none
3 1615987565334433084 9923 9936 114 116 none
7 1615987565686618083 9923 9937 25 115 none
3 1615987565686646998 9923 9936 115 117 none
7 1615987565841760372 9923 9937 25 116 none
3 1615987565841794843 9923 9936 116 118 none
7 1615987565842062482 9923 9937 25 117 none
3 1615987565842092087 9923 9936 117 119 none
7 1615987566194340445 9923 9937 25 118 none
3 1615987566194369744 9923 9936 118 120 none
7 1615987566350420432 9923 9937 25 119 none
3 1615987566350454276 9923 9936 119 121 none
7 1615987566350486484 9923 9937 25 120 none
3 1615987566350495965 9923 9936 120 122 none
7 1615987566702569722 9923 9937 25 121 none
3 1615987566702596441 9923 9936 121 123 none
7 1615987566856792679 9923 9937 25 122 none
3 1615987566856804143 9923 9936 122 124 none
7 1615987567013422254 9923 9937 25 123 none
3 1615987567013448751 9923 9936 123 125 none
7 1615987567164753197 9923 9937 25 124 none
3 1615987567164784597 9923 9936 124 126 none
7 1615987567366644729 9923 9937 25 125 none
3 1615987567366674110 9923 9936 125 127 none
7 1615987567517498793 9923 9937 25 126 none
3 1615987567517515486 9923 9936 126 128 none
7 1615987567669454864 9923 9937 25 127 none
3 1615987567669484962 9923 9936 127 129 none
7 1615987567871883029 9923 9937 25 128 none
3 1615987567871920626 9923 9936 128 130 none
7 1615987568024831884 9923 9937 25 129 none
3 1615987568024859648 9923 9936 129 131 none
7 1615987568177375155 9923 9937 25 130 none
3 1615987568177405304 9923 9936 130 132 none
7 1615987568432278641 9923 9937 25 131 none
3 1615987568432308651 9923 9936 131 133 none
7 1615987568432857770 9923 9937 25 132 none
3 1615987568432880646 9923 9936 132 134 none
7 1615987568683801850 9923 9937 25 133 none
3 1615987568683832144 9923 9936 133 135 none
7 1615987568733748523 9923 9937 25 134 none
3 1615987568733763442 9923 9936 134 136 none
7 1615987569040619086 9923 9937 25 135 none
3 1615987569040645580 9923 9936 135 137 none
7 1615987569040670410 9923 9937 25 136 none
3 1615987569040677994 9923 9936 136 138 none
7 1615987569343579725 9923 9937 25 137 none
3 1615987569343613579 9923 9936 137 139 none
7 1615987569501567933 9923 9937 25 138 none
3 1615987569501603534 9923 9936 138 140 none
7 1615987569703201879 9923 9937 25 139 none
3 1615987569703235992 9923 9936 139 141 none
7 1615987569855064561 9923 9937 25 140 none
3 1615987569855097627 9923 9936 140 142 none
7 1615987570009904327 9923 9937 25 141 none
3 1615987570009913473 9923 9936 141 143 none
7 1615987570212497206 9923 9937 25 142 none
3 1615987570212527162 9923 9936 142 144 none
7 1615987570363788350 9923 9937 25 143 none
3 1615987570363822496 9923 9936 143 145 none
7 1615987570516511705 9923 9937 25 144 none
3 1615987570516518746 9923 9936 144 146 none
7 1615987570668643576 9923 9937 25 145 none
3 1615987570668668372 9923 9936 145 147 none
7 1615987570870502730 9923 9937 25 146 none
3 1615987570870528823 9923 9936 146 148 none
7 1615987571023933289 9923 9937 25 147 none
3 1615987571023961604 9923 9936 147 149 none
7 1615987571226348202 9923 9937 25 148 none
3 1615987571226381386 9923 9936 148 150 none
7 1615987571327144340 9923 9937 25 149 none
3 1615987571327178838 9923 9936 149 151 none
7 1615987571532667832 9923 9937 25 150 none
3 1615987571532699515 9923 9936 150 152 none
7 1615987571683136536 9923 9937 25 151 none
3 1615987571683151666 9923 9936 151 153 none
7 1615987571834788210 9923 9937 25 152 none
3 1615987571834820691 9923 9936 152 154 none
7 1615987572038966948 9923 9937 25 153 none
3 1615987572039003463 9923 9936 153 155 none
7 1615987572240369907 9923 9937 25 154 none
3 1615987572240400605 9923 9936 154 156 none
7 1615987572493754133 9923 9937 25 155 none
3 1615987572493774917 9923 9936 155 157 none
7 1615987572699588850 9923 9937 25 156 none
3 1615987572699623800 9923 9936 156 158 none
7 1615987572850643575 9923 9937 25 157 none
3 1615987572850674007 9923 9936 157 159 none
7 1615987573003718821 9923 9937 25 158 none
3 1615987573003746805 9923 9936 158 160 none
7 1615987573207348770 9923 9937 25 159 none
3 1615987573207380958 9923 9936 159 161 none
7 1615987573510606534 9923 9937 25 160 none
3 1615987573510632695 9923 9936 160 162 none
7 1615987573869698332 9923 9937 25 161 none
3 1615987573869732495 9923 9936 161 163 none
7 1615987573870174045 9923 9937 25 162 none
3 1615987573870201341 9923 9936 162 164 none
7 1615987574020190049 9923 9937 25 163 none
3 1615987574020207046 9923 9936 163 165 none
7 1615987574377104372 9923 9937 25 164 none
3 1615987574377130403 9923 9936 164 166 none
7 1615987574377155386 9923 9937 25 165 none
3 1615987574377161130 9923 9936 165 167 none
7 1615987574527850306 9923 9937 25 166 none
3 1615987574527884514 9923 9936 166 168 none
7 1615987574683243954 9923 9937 25 167 none
3 1615987574683259960 9923 9936 167 169 none
7 1615987574836579846 9923 9937 25 168 none
3 1615987574836609039 9923 9936 168 170 none
7 1615987575039295011 9923 9937 25 169 none
3 1615987575039320845 9923 9936 169 171 none
7 1615987575191155055 9923 9937 25 170 none
3 1615987575191185707 9923 9936 170 172 none
7 1615987575342442375 9923 9937 25 171 none
3 1615987575342469748 9923 9936 171 173 none
7 1615987575543938332 9923 9937 25 172 none
3 1615987575543968517 9923 9936 172 174 none
7 1615987575696033351 9923 9937 25 173 none
3 1615987575696061024 9923 9936 173 175 none
7 1615987575846843203 9923 9937 25 174 none
3 1615987575846876825 9923 9936 174 176 none
7 1615987575998731386 9923 9937 25 175 none
3 1615987575998765972 9923 9936 175 177 none
7 1615987576202022167 9923 9937 25 176 none
3 1615987576202056192 9923 9936 176 178 none
7 1615987576353547460 9923 9937 25 177 none
3 1615987576353582100 9923 9936 177 179 none
7 1615987576504351164 9923 9937 25 178 none
3 1615987576504359635 9923 9936 178 180 none
7 1615987576714759033 9923 9937 25 179 none
3 1615987576714793938 9923 9936 179 181 none
7 1615987576865717668 9923 9937 25 180 none
3 1615987576865746339 9923 9936 180 182 none
7 1615987577017154075 9923 9937 25 181 none
3 1615987577017181193 9923 9936 181 183 none
7 1615987577169195041 9923 9937 25 182 none
3 1615987577169225763 9923 9936 182 184 none
7 1615987577370921970 9923 9937 25 183 none
3 1615987577370948260 9923 9936 183 185 none
7 1615987577522831173 9923 9937 25 184 none
3 1615987577522860145 9923 9936 184 186 none
7 1615987577675798974 9923 9937 25 185 none
3 1615987577675829569 9923 9936 185 187 none
7 1615987577831230372 9923 9937 25 186 none
3 1615987577831258694 9923 9936 186 188 none
7 1615987578032192104 9923 9937 25 187 none
3 1615987578032219645 9923 9936 187 189 none
7 1615987578184114002 9923 9937 25 188 none
3 1615987578184141436 9923 9936 188 190 none
7 1615987578338743659 9923 9937 25 189 none
3 1615987578338796459 9923 9936 189 191 none
7 1615987578540110845 9923 9937 25 190 none
3 1615987578540137888 9923 9936 190 192 none
7 1615987578692001684 9923 9937 25 191 none
3 1615987578692034364 9923 9936 191 193 none
7 1615987578846751001 9923 9937 25 192 none
3 1615987578846781357 9923 9936 192 194 none
7 1615987579048256553 9923 9937 25 193 none
3 1615987579048289667 9923 9936 193 195 none
7 1615987579199716632 9923 9937 25 194 none
3 1615987579199745250 9923 9936 194 196 none
7 1615987579351476205 9923 9937 25 195 none
3 1615987579351505241 9923 9936 195 197 none
7 1615987579502049372 9923 9937 25 196 none
3 1615987579502083827 9923 9936 196 198 none
7 1615987579703823539 9923 9937 25 197 none
3 1615987579703851966 9923 9936 197 199 none
7 1615987579856736275 9923 9937 25 198 none
3 1615987579856767183 9923 9936 198 200 none
7 1615987580007381474 9923 9937 25 199 none
3 1615987580007405181 9923 9936 199 201 none
7 1615987580209378417 9923 9937 25 200 none
3 1615987580209414221 9923 9936 200 202 none
7 1615987580365355214 9923 9937 25 201 none
3 1615987580365389637 9923 9936 201 203 none
7 1615987580516580482 9923 9937 25 202 none
3 1615987580516616508 9923 9936 202 204 none
7 1615987580667906286 9923 9937 25 203 none
3 1615987580667943636 9923 9936 203 205 none
7 1615987580870345963 9923 9937 25 204 none
3 1615987580870380168 9923 9936 204 206 none
7 1615987581022423449 9923 9937 25 205 none
3 1615987581022460330 9923 9936 205 207 none
7 1615987581173525626 9923 9937 25 206 none
3 1615987581173561271 9923 9936 206 208 none
7 1615987581325604210 9923 9937 25 207 none
3 1615987581325639188 9923 9936 207 209 none
7 1615987581528957350 9923 9937 25 208 none
3 1615987581528986026 9923 9936 208 210 none
7 1615987581731682895 9923 9937 25 209 none
3 1615987581731711561 9923 9936 209 211 none
7 1615987581884951258 9923 9937 25 210 none
3 1615987581884981626 9923 9936 210 212 none
7 1615987582035988649 9923 9937 25 211 none
3 1615987582036018196 9923 9936 211 213 none
7 1615987582187187532 9923 9937 25 212 none
3 1615987582187223035 9923 9936 212 214 none
7 1615987582440293092 9923 9937 25 213 none
3 1615987582440326138 9923 9936 213 215 none
7 1615987582540466954 9923 9937 25 214 none
3 1615987582540502313 9923 9936 214 216 none
7 1615987582743822911 9923 9937 25 215 none
3 1615987582743856746 9923 9936 215 217 none
7 1615987582896028251 9923 9937 25 216 none
3 1615987582896060474 9923 9936 216 218 none
7 1615987583046724174 9923 9937 25 217 none
3 1615987583046752851 9923 9936 217 219 none
7 1615987583248156788 9923 9937 25 218 none
3 1615987583248169176 9923 9936 218 220 none
7 1615987583349791017 9923 9937 25 219 none
3 1615987583349821461 9923 9936 219 221 none
7 1615987583552617283 9923 9937 25 220 none
3 1615987583552644000 9923 9936 220 222 none
7 1615987583703476992 9923 9937 25 221 none
3 1615987583703504426 9923 9936 221 223 none
7 1615987583854536006 9923 9937 25 222 none
3 1615987583854562749 9923 9936 222 224 none
7 1615987584006511766 9923 9937 25 223 none
3 1615987584006536389 9923 9936 223 225 none
7 1615987584207927298 9923 9937 25 224 none
3 1615987584207960977 9923 9936 224 226 none
7 1615987584359203693 9923 9937 25 225 none
3 1615987584359215437 9923 9936 225 227 none
7 1615987584510790069 9923 9937 25 226 none
3 1615987584510801287 9923 9936 226 228 none
7 1615987584713978827 9923 9937 25 227 none
3 1615987584714009237 9923 9936 227 229 none
7 1615987584865381458 9923 9937 25 228 none
3 1615987584865415367 9923 9936 228 230 none
7 1615987585017373640 9923 9937 25 229 none
3 1615987585017406853 9923 9936 229 231 none
7 1615987585168250797 9923 9937 25 230 none
3 1615987585168265002 9923 9936 230 232 none
7 1615987585370916075 9923 9937 25 231 none
3 1615987585370952436 9923 9936 231 233 none
7 1615987585523600557 9923 9937 25 232 none
3 1615987585523633160 9923 9936 232 234 none
7 1615987585674434430 9923 9937 25 233 none
3 1615987585674470643 9923 9936 233 235 none
7 1615987585875722262 9923 9937 25 234 none
3 1615987585875757105 9923 9936 234 236 none
7 1615987586181780800 9923 9937 25 235 none
3 1615987586181810845 9923 9936 235 237 none
7 1615987586332694148 9923 9937 25 236 none
3 1615987586332722604 9923 9936 236 238 none
7 1615987586382644762 9923 9937 25 237 none
3 1615987586382678656 9923 9936 237 239 none
7 1615987586688078119 9923 9937 25 238 none
3 1615987586688106478 9923 9936 238 240 none
7 1615987586838108994 9923 9937 25 239 none
3 1615987586838136637 9923 9936 239 241 none
7 1615987586838679002 9923 9937 25 240 none
3 1615987586838707151 9923 9936 240 242 none
7 1615987587200157125 9923 9937 25 241 none
3 1615987587200184307 9923 9936 241 243 none
7 1615987587401669573 9923 9937 25 242 none
3 1615987587401696708 9923 9936 242 244 none
7 1615987587502650523 9923 9937 25 243 none
3 1615987587502677024 9923 9936 243 245 none
7 1615987587712232689 9923 9937 25 244 none
3 1615987587712266977 9923 9936 244 246 none
7 1615987587863625619 9923 9937 25 245 none
3 1615987587863654319 9923 9936 245 247 none
7 1615987587863678905 9923 9937 25 246 none
3 1615987587863684738 9923 9936 246 248 none
7 1615987588217226946 9923 9937 25 247 none
3 1615987588217261614 9923 9936 247 249 none
7 1615987588367918332 9923 9937 25 248 none
3 1615987588367952425 9923 9936 248 250 none
7 1615987588368446288 9923 9937 25 249 none
3 1615987588368469165 9923 9936 249 251 none
7 1615987588671240618 9923 9937 25 250 none
3 1615987588671267367 9923 9936 250 252 none
7 1615987588872754716 9923 9937 25 251 none
3 1615987588872781504 9923 9936 251 253 none
7 1615987588872806038 9923 9937 25 252 none
3 1615987588872813272 9923 9936 252 254 none
7 1615987589175991105 9923 9937 25 253 none
3 1615987589176023529 9923 9936 253 255 none
7 1615987589378455099 9923 9937 25 254 none
3 1615987589378485727 9923 9936 254 256 none
7 1615987589378511930 9923 9937 25 255 none
3 1615987589378518528 9923 9936 255 257 none
7 1615987589684288634 9923 9937 25 256 none
3 1615987589684315189 9923 9936 256 258 none
7 1615987589684339843 9923 9937 25 257 none
3 1615987589684345815 9923 9936 257 259 none
7 1615987589834899022 9923 9937 25 258 none
3 1615987589834914865 9923 9936 258 260 none
7 1615987590037411940 9923 9937 25 259 none
3 1615987590037440490 9923 9936 259 261 none
7 1615987590189693307 9923 9937 25 260 none
3 1615987590189726942 9923 9936 260 262 none
7 1615987590340168771 9923 9937 25 261 none
3 1615987590340180055 9923 9936 261 263 none
7 1615987590491617703 9923 9937 25 262 none
3 1615987590491628242 9923 9936 262 264 none
7 1615987590699385471 9923 9937 25 263 none
3 1615987590699411778 9923 9936 263 265 none
7 1615987590901620406 9923 9937 25 264 none
3 1615987590901656329 9923 9936 264 266 none
7 1615987591002216576 9923 9937 25 265 none
3 1615987591002248944 9923 9936 265 267 none
7 1615987591206530786 9923 9937 25 266 none
3 1615987591206567031 9923 9936 266 268 none
7 1615987591360671215 9923 9937 25 267 none
3 1615987591360699145 9923 9936 267 269 none
7 1615987591512256772 9923 9937 25 268 none
3 1615987591512291402 9923 9936 268 270 none
7 1615987591664681986 9923 9937 25 269 none
3 1615987591664710086 9923 9936 269 271 none
7 1615987591868198465 9923 9937 25 270 none
3 1615987591868230730 9923 9936 270 272 none
7 1615987592019402266 9923 9937 25 271 none
3 1615987592019436078 9923 9936 271 273 none
7 1615987592170437289 9923 9937 25 272 none
3 1615987592170466387 9923 9936 272 274 none
7 1615987592381029363 9923 9937 25 273 none
3 1615987592381060685 9923 9936 273 275 none
7 1615987592531633225 9923 9937 25 274 none
3 1615987592531663026 9923 9936 274 276 none
7 1615987592683077664 9923 9937 25 275 none
3 1615987592683106574 9923 9936 275 277 none
7 1615987592836031604 9923 9937 25 276 none
3 1615987592836066044 9923 9936 276 278 none
7 1615987593037632113 9923 9937 25 277 none
3 1615987593037663107 9923 9936 277 279 none
7 1615987593189045104 9923 9937 25 278 none
3 1615987593189073625 9923 9936 278 280 none
7 1615987593342871177 9923 9937 25 279 none
3 1615987593342898662 9923 9936 279 281 none
7 1615987593493799428 9923 9937 25 280 none
3 1615987593493827576 9923 9936 280 282 none
7 1615987593696103065 9923 9937 25 281 none
3 1615987593696134901 9923 9936 281 283 none
7 1615987593850633655 9923 9937 25 282 none
3 1615987593850666664 9923 9936 282 284 none
7 1615987594001664353 9923 9937 25 283 none
3 1615987594001692807 9923 9936 283 285 none
7 1615987594203668236 9923 9937 25 284 none
3 1615987594203694865 9923 9936 284 286 none
7 1615987594358247765 9923 9937 25 285 none
3 1615987594358280488 9923 9936 285 287 none
7 1615987594509146500 9923 9937 25 286 none
3 1615987594509176753 9923 9936 286 288 none
7 1615987594660934717 9923 9937 25 287 none
3 1615987594660971207 9923 9936 287 289 none
7 1615987594864769624 9923 9937 25 288 none
3 1615987594864776755 9923 9936 288 290 none
7 1615987595019441105 9923 9937 25 289 none
3 1615987595019470419 9923 9936 289 291 none
7 1615987595170991020 9923 9937 25 290 none
3 1615987595171021310 9923 9936 290 292 none
7 1615987595373050163 9923 9937 25 291 none
3 1615987595373084743 9923 9936 291 293 none
7 1615987595525979904 9923 9937 25 292 none
3 1615987595526014342 9923 9936 292 294 none
7 1615987595677409024 9923 9937 25 293 none
3 1615987595677441408 9923 9936 293 295 none
7 1615987595829946722 9923 9937 25 294 none
3 1615987595829983333 9923 9936 294 296 none
7 1615987596032583010 9923 9937 25 295 none
3 1615987596032613386 9923 9936 295 297 none
7 1615987596183403351 9923 9937 25 296 none
3 1615987596183444967 9923 9936 296 298 none
7 1615987596386491669 9923 9937 25 297 none
3 1615987596386521209 9923 9936 297 299 none
7 1615987596540246657 9923 9937 25 298 none
3 1615987596540279425 9923 9936 298 300 none
7 1615987596691620097 9923 9937 25 299 none
3 1615987596691654123 9923 9936 299 301 none
7 1615987596842980058 9923 9937 25 300 none
3 1615987596843011827 9923 9936 300 302 none
7 1615987597048744359 9923 9937 25 301 none
3 1615987597048780680 9923 9936 301 303 none
7 1615987597199757015 9923 9937 25 302 none
3 1615987597199794592 9923 9936 302 304 none
7 1615987597351365869 9923 9937 25 303 none
3 1615987597351401136 9923 9936 303 305 none
7 1615987597508752706 9923 9937 25 304 none
3 1615987597508785559 9923 9936 304 306 none
7 1615987597710273127 9923 9937 25 305 none
3 1615987597710303207 9923 9936 305 307 none
7 1615987597861089849 9923 9937 25 306 none
3 1615987597861102227 9923 9936 306 308 none
7 1615987598015686719 9923 9937 25 307 none
3 1615987598015699824 9923 9936 307 309 none
7 1615987598167468450 9923 9937 25 308 none
3 1615987598167503389 9923 9936 308 310 none
7 1615987598369163160 9923 9937 25 309 none
3 1615987598369178157 9923 9936 309 311 none
7 1615987598521185680 9923 9937 25 310 none
3 1615987598521216019 9923 9936 310 312 none
7 1615987598672115218 9923 9937 25 311 none
3 1615987598672144381 9923 9936 311 313 none
7 1615987598924899372 9923 9937 25 312 none
3 1615987598924932736 9923 9936 312 314 none
7 1615987599076088303 9923 9937 25 313 none
3 1615987599076102596 9923 9936 313 315 none
7 1615987599227948347 9923 9937 25 314 none
3 1615987599227976906 9923 9936 314 316 none
7 1615987599378962296 9923 9937 25 315 none
3 1615987599378971542 9923 9936 315 317 none
7 1615987599732626454 9923 9937 25 316 none
3 1615987599732633586 9923 9936 316 318 none
7 1615987599732779184 9923 9937 25 317 none
3 1615987599732784053 9923 9936 317 319 none
7 1615987599883894549 9923 9937 25 318 none
3 1615987599883902457 9923 9936 318 320 none
7 1615987600237335174 9923 9937 25 319 none
3 1615987600237344845 9923 9936 319 321 none
7 1615987600237580443 9923 9937 25 320 none
3 1615987600237586063 9923 9936 320 322 none
7 1615987600591285499 9923 9937 25 321 none
3 1615987600591293883 9923 9936 321 323 none
7 1615987600742852266 9923 9937 25 322 none
3 1615987600742861338 9923 9936 322 324 none
7 1615987600742975524 9923 9937 25 323 none
3 1615987600742982258 9923 9936 323 325 none
7 1615987601046534150 9923 9937 25 324 none
3 1615987601046564035 9923 9936 324 326 none
7 1615987601198287222 9923 9937 25 325 none
3 1615987601198295073 9923 9936 325 327 none
7 1615987601198301369 9923 9937 25 326 none
3 1615987601198302640 9923 9936 326 328 none
7 1615987601400586025 9923 9937 25 327 none
3 1615987601400594101 9923 9936 327 329 none
7 1615987601704873731 9923 9937 25 328 none
3 1615987601704894462 9923 9936 328 330 none
7 1615987601906209893 9923 9937 25 329 none
3 1615987601906218089 9923 9936 329 331 none
7 1615987602058450363 9923 9937 25 330 none
3 1615987602058482392 9923 9936 330 332 none
7 1615987602209543998 9923 9937 25 331 none
3 1615987602209571426 9923 9936 331 333 none
7 1615987602360433808 9923 9937 25 332 none
3 1615987602360440581 9923 9936 332 334 none
7 1615987602562232026 9923 9937 25 333 none
3 1615987602562239895 9923 9936 333 335 none
7 1615987602713904615 9923 9937 25 334 none
3 1615987602713937295 9923 9936 334 336 none
7 1615987602865184337 9923 9937 25 335 none
3 1615987602865191770 9923 9936 335 337 none
7 1615987603067144798 9923 9937 25 336 none
3 1615987603067152114 9923 9936 336 338 none
7 1615987603218876728 9923 9937 25 337 none
3 1615987603218884890 9923 9936 337 339 none
7 1615987603370309724 9923 9937 25 338 none
3 1615987603370316287 9923 9936 338 340 none
7 1615987603572471016 9923 9937 25 339 none
3 1615987603572477981 9923 9936 339 341 none
7 1615987603723898739 9923 9937 25 340 none
3 1615987603723906221 9923 9936 340 342 none
7 1615987603875331598 9923 9937 25 341 none
3 1615987603875341550 9923 9936 341 343 none
7 1615987604027017268 9923 9937 25 342 none
3 1615987604027024795 9923 9936 342 344 none
7 1615987604229551194 9923 9937 25 343 none
3 1615987604229560805 9923 9936 343 345 none
7 1615987604380887976 9923 9937 25 344 none
3 1615987604380897161 9923 9936 344 346 none
7 1615987604380978889 9923 9937 25 345 none
3 1615987604381003918 9923 9936 345 347 none
7 1615987604532546917 9923 9937 25 346 none
3 1615987604532555695 9923 9936 346 348 none
7 1615987604885916909 9923 9937 25 347 none
3 1615987604885944783 9923 9936 347 349 none
7 1615987604885951364 9923 9937 25 348 none
3 1615987604885952614 9923 9936 348 350 none
7 1615987605037409191 9923 9937 25 349 none
3 1615987605037416692 9923 9936 349 351 none
7 1615987605189204712 9923 9937 25 350 none
3 1615987605189219936 9923 9936 350 352 none
7 1615987605340436953 9923 9937 25 351 none
3 1615987605340447900 9923 9936 351 353 none
7 1615987605694466222 9923 9937 25 352 none
3 1615987605694476105 9923 9936 352 354 none
7 1615987605845958435 9923 9937 25 353 none
3 1615987605845973352 9923 9936 353 355 none
7 1615987605845986855 9923 9937 25 354 none
3 1615987605845990682 9923 9936 354 356 none
7 1615987606047786664 9923 9937 25 355 none
3 1615987606047797092 9923 9936 355 357 none
7 1615987606351753860 9923 9937 25 356 none
3 1615987606351786093 9923 9936 356 358 none
7 1615987606553117773 9923 9937 25 357 none
3 1615987606553145891 9923 9936 357 359 none
7 1615987606704083706 9923 9937 25 358 none
3 1615987606704094314 9923 9936 358 360 none
7 1615987606704237509 9923 9937 25 359 none
3 1615987606704244627 9923 9936 359 361 none
7 1615987607006796859 9923 9937 25 360 none
3 1615987607006807926 9923 9936 360 362 none
7 1615987607209035363 9923 9937 25 361 none
3 1615987607209063173 9923 9936 361 363 none
7 1615987607362664172 9923 9937 25 362 none
3 1615987607362695610 9923 9936 362 364 none
7 1615987607513484847 9923 9937 25 363 none
3 1615987607513516342 9923 9936 363 365 none
7 1615987607664547065 9923 9937 25 364 none
3 1615987607664575483 9923 9936 364 366 none
7 1615987607869440201 9923 9937 25 365 none
3 1615987607869467719 9923 9936 365 367 none
7 1615987608020809175 9923 9937 25 366 none
3 1615987608020843042 9923 9936 366 368 none
7 1615987608172291986 9923 9937 25 367 none
3 1615987608172323444 9923 9936 367 369 none
7 1615987608378526955 9923 9937 25 368 none
3 1615987608378553270 9923 9936 368 370 none
7 1615987608529619963 9923 9937 25 369 none
3 1615987608529655070 9923 9936 369 371 none
7 1615987608681127822 9923 9937 25 370 none
3 1615987608681156671 9923 9936 370 372 none
7 1615987608887728331 9923 9937 25 371 none
3 1615987608887756557 9923 9936 371 373 none
7 1615987609038383616 9923 9937 25 372 none
3 1615987609038393498 9923 9936 372 374 none
7 1615987609190344020 9923 9937 25 373 none
3 1615987609190375279 9923 9936 373 375 none
7 1615987609344266469 9923 9937 25 374 none
3 1615987609344292419 9923 9936 374 376 none
7 1615987609496974200 9923 9937 25 375 none
3 1615987609497005034 9923 9936 375 377 none
7 1615987609699054590 9923 9937 25 376 none
3 1615987609699087549 9923 9936 376 378 none
7 1615987609904696698 9923 9937 25 377 none
3 1615987609904725773 9923 9936 377 379 none
7 1615987610004935305 9923 9937 25 378 none
3 1615987610004969849 9923 9936 378 380 none
7 1615987610257415352 9923 9937 25 379 none
3 1615987610257442029 9923 9936 379 381 none
7 1615987610360710781 9923 9937 25 380 none
3 1615987610360738518 9923 9936 380 382 none
7 1615987610513975102 9923 9937 25 381 none
3 1615987610514010538 9923 9936 381 383 none
7 1615987610665169029 9923 9937 25 382 none
3 1615987610665204444 9923 9936 382 384 none
7 1615987610867680596 9923 9937 25 383 none
3 1615987610867714355 9923 9936 383 385 none
7 1615987611020495051 9923 9937 25 384 none
3 1615987611020523279 9923 9936 384 386 none
7 1615987611171733722 9923 9937 25 385 none
3 1615987611171769219 9923 9936 385 387 none
7 1615987611375265238 9923 9937 25 386 none
3 1615987611375292241 9923 9936 386 388 none
7 1615987611527943949 9923 9937 25 387 none
3 1615987611527972597 9923 9936 387 389 none
7 1615987611678552076 9923 9937 25 388 none
3 1615987611678560677 9923 9936 388 390 none
7 1615987611880740657 9923 9937 25 389 none
3 1615987611880774589 9923 9936 389 391 none
7 1615987612034560236 9923 9937 25 390 none
3 1615987612034586066 9923 9936 390 392 none
7 1615987612185149036 9923 9937 25 391 none
3 1615987612185176082 9923 9936 391 393 none
7 1615987612336240489 9923 9937 25 392 none
3 1615987612336269339 9923 9936 392 394 none
7 1615987612541599991 9923 9937 25 393 none
3 1615987612541626755 9923 9936 393 395 none
7 1615987612692477868 9923 9937 25 394 none
3 1615987612692492730 9923 9936 394 396 none
7 1615987612844135293 9923 9937 25 395 none
3 1615987612844162288 9923 9936 395 397 none
7 1615987612997655185 9923 9937 25 396 none
3 1615987612997683072 9923 9936 396 398 none
7 1615987613199962512 9923 9937 25 397 none
3 1615987613199989433 9923 9936 397 399 none
7 1615987613351234341 9923 9937 25 398 none
3 1615987613351270134 9923 9936 398 400 none
7 1615987613558719748 9923 9937 25 399 none
3 1615987613558748300 9923 9936 399 401 none
7 1615987613709523460 9923 9937 25 400 none
3 1615987613709552728 9923 9936 400 402 none
7 1615987613860449959 9923 9937 25 401 none
3 1615987613860466645 9923 9936 401 403 none
7 1615987614063031142 9923 9937 25 402 none
3 1615987614063057538 9923 9936 402 404 none
7 1615987614214365202 9923 9937 25 403 none
3 1615987614214393462 9923 9936 403 405 none
7 1615987614416736774 9923 9937 25 404 none
3 1615987614416763931 9923 9936 404 406 none
7 1615987614568590274 9923 9937 25 405 none
3 1615987614568617009 9923 9936 405 407 none
7 1615987614719484901 9923 9937 25 406 none
3 1615987614719520762 9923 9936 406 408 none
7 1615987614870995761 9923 9937 25 407 none
3 1615987614871024114 9923 9936 407 409 none
7 1615987615072716097 9923 9937 25 408 none
3 1615987615072726718 9923 9936 408 410 none
7 1615987615224764663 9923 9937 25 409 none
3 1615987615224791465 9923 9936 409 411 none
7 1615987615578800503 9923 9937 25 410 none
3 1615987615578828273 9923 9936 410 412 none
7 1615987615881426280 9923 9937 25 411 none
3 1615987615881451914 9923 9936 411 413 none
7 1615987615881951751 9923 9937 25 412 none
3 1615987615881985622 9923 9936 412 414 none
7 1615987616084019252 9923 9937 25 413 none
3 1615987616084047066 9923 9936 413 415 none
7 1615987616387076944 9923 9937 25 414 none
3 1615987616387110229 9923 9936 414 416 none
7 1615987616387619066 9923 9937 25 415 none
3 1615987616387647871 9923 9936 415 417 none
7 1615987616588994416 9923 9937 25 416 none
3 1615987616589026837 9923 9936 416 418 none
7 1615987616893192222 9923 9937 25 417 none
3 1615987616893219988 9923 9936 417 419 none
7 1615987616893803632 9923 9937 25 418 none
3 1615987616893826063 9923 9936 418 420 none
7 1615987617044084700 9923 9937 25 419 none
3 1615987617044115619 9923 9936 419 421 none
7 1615987617399947608 9923 9937 25 420 none
3 1615987617399976655 9923 9936 420 422 none
7 1615987617400002149 9923 9937 25 421 none
3 1615987617400008175 9923 9936 421 423 none
7 1615987617551020396 9923 9937 25 422 none
3 1615987617551059089 9923 9936 422 424 none
7 1615987617854394059 9923 9937 25 423 none
3 1615987617854425933 9923 9936 423 425 none
7 1615987617854884173 9923 9937 25 424 none
3 1615987617854913251 9923 9936 424 426 none
7 1615987618055691649 9923 9937 25 425 none
3 1615987618055722325 9923 9936 425 427 none
7 1615987618207495752 9923 9937 25 426 none
3 1615987618207527940 9923 9936 426 428 none
7 1615987618358431823 9923 9937 25 427 none
3 1615987618358465831 9923 9936 427 429 none
7 1615987618560917209 9923 9937 25 428 none
3 1615987618560949076 9923 9936 428 430 none
7 1615987618863821410 9923 9937 25 429 none
3 1615987618863857385 9923 9936 429 431 none
7 1615987618863890095 9923 9937 25 430 none
3 1615987618863898955 9923 9936 430 432 none
7 1615987619014843798 9923 9937 25 431 none
3 1615987619014877645 9923 9936 431 433 none
7 1615987619217506387 9923 9937 25 432 none
3 1615987619217541234 9923 9936 432 434 none
7 1615987619368734061 9923 9937 25 433 none
3 1615987619368762451 9923 9936 433 435 none
7 1615987619519970060 9923 9937 25 434 none
3 1615987619519999961 9923 9936 434 436 none
7 1615987619722447083 9923 9937 25 435 none
3 1615987619722473053 9923 9936 435 437 none
7 1615987619873310155 9923 9937 25 436 none
3 1615987619873341011 9923 9936 436 438 none
7 1615987620074589230 9923 9937 25 437 none
3 1615987620074603966 9923 9936 437 439 none
7 1615987620175949029 9923 9937 25 438 none
3 1615987620175975814 9923 9936 438 440 none
7 1615987620378159706 9923 9937 25 439 none
3 1615987620378186185 9923 9936 439 441 none
7 1615987620529428660 9923 9937 25 440 none
3 1615987620529459824 9923 9936 440 442 none
7 1615987620681021515 9923 9937 25 441 none
3 1615987620681054391 9923 9936 441 443 none
7 1615987620882825415 9923 9937 25 442 none
3 1615987620882833405 9923 9936 442 444 none
7 1615987621034467955 9923 9937 25 443 none
3 1615987621034486579 9923 9936 443 445 none
7 1615987621186799229 9923 9937 25 444 none
3 1615987621186826547 9923 9936 444 446 none
7 1615987621338739999 9923 9937 25 445 none
3 1615987621338770966 9923 9936 445 447 none
7 1615987621540319812 9923 9937 25 446 none
3 1615987621540349637 9923 9936 446 448 none
7 1615987621691987008 9923 9937 25 447 none
3 1615987621692016307 9923 9936 447 449 none
7 1615987621844183061 9923 9937 25 448 none
3 1615987621844216656 9923 9936 448 450 none
7 1615987622045855124 9923 9937 25 449 none
3 1615987622045883499 9923 9936 449 451 none
7 1615987622197338576 9923 9937 25 450 none
3 1615987622197369290 9923 9936 450 452 none
7 1615987622349483546 9923 9937 25 451 none
3 1615987622349516748 9923 9936 451 453 none
7 1615987622500579245 9923 9937 25 452 none
3 1615987622500611180 9923 9936 452 454 none
7 1615987622702296619 9923 9937 25 453 none
3 1615987622702331866 9923 9936 453 455 none
7 1615987622854735239 9923 9937 25 454 none
3 1615987622854763855 9923 9936 454 456 none
7 1615987623006743707 9923 9937 25 455 none
3 1615987623006781636 9923 9936 455 457 none
7 1615987623208339779 9923 9937 25 456 none
3 1615987623208370833 9923 9936 456 458 none
7 1615987623362923347 9923 9937 25 457 none
3 1615987623362935420 9923 9936 457 459 none
7 1615987623514692800 9923 9937 25 458 none
3 1615987623514722608 9923 9936 458 460 none
7 1615987623665653177 9923 9937 25 459 none
3 1615987623665687328 9923 9936 459 461 none
7 1615987623870475633 9923 9937 25 460 none
3 1615987623870510295 9923 9936 460 462 none
7 1615987624022981483 9923 9937 25 461 none
3 1615987624023015672 9923 9936 461 463 none
7 1615987624174265938 9923 9937 25 462 none
3 1615987624174301395 9923 9936 462 464 none
7 1615987624377411107 9923 9937 25 463 none
3 1615987624377439545 9923 9936 463 465 none
7 1615987624580063581 9923 9937 25 464 none
3 1615987624580096406 9923 9936 464 466 none
7 1615987624730423167 9923 9937 25 465 none
3 1615987624730447285 9923 9936 465 467 none
7 1615987624882709800 9923 9937 25 466 none
3 1615987624882746013 9923 9936 466 468 none
7 1615987625085208781 9923 9937 25 467 none
3 1615987625085237461 9923 9936 467 469 none
7 1615987625236093462 9923 9937 25 468 none
3 1615987625236123363 9923 9936 468 470 none
7 1615987625387587513 9923 9937 25 469 none
3 1615987625387620210 9923 9936 469 471 none
7 1615987625539851332 9923 9937 25 470 none
3 1615987625539880345 9923 9936 470 472 none
7 1615987625741501758 9923 9937 25 471 none
3 1615987625741533924 9923 9936 471 473 none
7 1615987625893320030 9923 9937 25 472 none
3 1615987625893358519 9923 9936 472 474 none
7 1615987626045345130 9923 9937 25 473 none
3 1615987626045377805 9923 9936 473 475 none
7 1615987626246518763 9923 9937 25 474 none
3 1615987626246551863 9923 9936 474 476 none
7 1615987626398519307 9923 9937 25 475 none
3 1615987626398554872 9923 9936 475 477 none
7 1615987626550455917 9923 9937 25 476 none
3 1615987626550491712 9923 9936 476 478 none
7 1615987626751715580 9923 9937 25 477 none
3 1615987626751750794 9923 9936 477 479 none
7 1615987626903093591 9923 9937 25 478 none
3 1615987626903130419 9923 9936 478 480 none
7 1615987627054864983 9923 9937 25 479 none
3 1615987627054898430 9923 9936 479 481 none
7 1615987627206077879 9923 9937 25 480 none
3 1615987627206114522 9923 9936 480 482 none
7 1615987627408212497 9923 9937 25 481 none
3 1615987627408246345 9923 9936 481 483 none
7 1615987627560110719 9923 9937 25 482 none
3 1615987627560145409 9923 9936 482 484 none
7 1615987627711263094 9923 9937 25 483 none
3 1615987627711299664 9923 9936 483 485 none
7 1615987627862220281 9923 9937 25 484 none
3 1615987627862248421 9923 9936 484 486 none
7 1615987628064104340 9923 9937 25 485 none
3 1615987628064114420 9923 9936 485 487 none
7 1615987628215280286 9923 9937 25 486 none
3 1615987628215289717 9923 9936 486 488 none
7 1615987628366518681 9923 9937 25 487 none
3 1615987628366528992 9923 9936 487 489 none
7 1615987628517627629 9923 9937 25 488 none
3 1615987628517634543 9923 9936 488 490 none
7 1615987628720560404 9923 9937 25 489 none
3 1615987628720594515 9923 9936 489 491 none
7 1615987628871430998 9923 9937 25 490 none
3 1615987628871439309 9923 9936 490 492 none
7 1615987629073624211 9923 9937 25 491 none
3 1615987629073634279 9923 9936 491 493 none
7 1615987629376802722 9923 9937 25 492 none
3 1615987629376824807 9923 9936 492 494 none
7 1615987629377031560 9923 9937 25 493 none
3 1615987629377037192 9923 9936 493 495 none
7 1615987629579122449 9923 9937 25 494 none
3 1615987629579129128 9923 9936 494 496 none
7 1615987629882188468 9923 9937 25 495 none
3 1615987629882196452 9923 9936 495 497 none
7 1615987630033735027 9923 9937 25 496 none
3 1615987630033756777 9923 9936 496 498 none
7 1615987630388224885 9923 9937 25 497 none
3 1615987630388259266 9923 9936 497 499 none
7 1615987630388903101 9923 9937 25 498 none
3 1615987630388930919 9923 9936 498 500 none
7 1615987630538726431 9923 9937 25 499 none
3 1615987630538738222 9923 9936 499 501 none
7 1615987630842124292 9923 9937 25 500 none
3 1615987630842132647 9923 9936 500 502 none
7 1615987630842399055 9923 9937 25 501 none
3 1615987630842404443 9923 9936 501 503 none
7 1615987631195264319 9923 9937 25 502 none
3 1615987631195274748 9923 9936 502 504 none
7 1615987631346715024 9923 9937 25 503 none
3 1615987631346724278 9923 9936 503 505 none
7 1615987631701060333 9923 9937 25 504 none
3 1615987631701089538 9923 9936 504 506 none
7 1615987631853978858 9923 9937 25 505 none
3 1615987631854006357 9923 9936 505 507 none
7 1615987632005260037 9923 9937 25 506 none
3 1615987632005332555 9923 9936 506 508 none
7 1615987632211208553 9923 9937 25 507 none
3 1615987632211234915 9923 9936 507 509 none
7 1615987632362675740 9923 9937 25 508 none
3 1615987632362683626 9923 9936 508 510 none
7 1615987632514096779 9923 9937 25 509 none
3 1615987632514105837 9923 9936 509 511 none
7 1615987632666721174 9923 9937 25 510 none
3 1615987632666749462 9923 9936 510 512 none
7 1615987632869871843 9923 9937 25 511 none
3 1615987632869907378 9923 9936 511 513 none
7 1615987632870065099 9923 9937 25 512 none
3 1615987632870093677 9923 9936 512 514 none
7 1615987633224477017 9923 9937 25 513 none
3 1615987633224488019 9923 9936 513 515 none
7 1615987633327647176 9923 9937 25 514 none
3 1615987633327675456 9923 9936 514 516 none
7 1615987633328193874 9923 9937 25 515 none
3 1615987633328218562 9923 9936 515 517 none
7 1615987633732034096 9923 9937 25 516 none
3 1615987633732066972 9923 9936 516 518 none
7 1615987633883466582 9923 9937 25 517 none
3 1615987633883477333 9923 9936 517 519 none
