9 0 9767 9767 11311 3 none
10 0 9767 9767 39123 8 none
10 0 9767 9767 41403 9 none
10 0 9767 9767 35231 10 none
0 1615987474071816902 9767 9767 0 0 none
1 1615987474071800159 9767 9767 31 31 none
2 1615987474071897103 9767 9784 0 0 none
8 0 9767 9785 43930 10 none
8 0 9767 9785 43932 10 none
8 0 9767 9785 43958 10 none
8 0 9767 9785 43960 10 none
8 0 9767 9785 43964 10 none
8 0 9767 9785 44000 10 none
8 0 9767 9785 44002 10 none
8 0 9767 9785 44008 10 none
8 0 9767 9785 44010 10 none
8 0 9767 9785 44056 10 none
8 0 9767 9785 44062 10 none
8 0 9767 9785 44070 10 none
8 0 9767 9785 44078 10 none
8 0 9767 9785 44090 10 none
8 0 9767 9785 44092 10 none
8 0 9767 9785 44102 10 none
8 0 9767 9785 47708 8 none
7 1615987474297366493 9767 9784 27 35 none
8 0 9767 9785 47710 8 none
7 1615987474297571303 9767 9784 15 35 none
6 1615987474297589676 9767 9784 31 31 none
6 1615987474297610795 9767 9784 31 31 none
6 1615987474297616739 9767 9784 0 0 none
8 0 9767 9785 44108 10 none
8 0 9767 9785 44114 10 none
8 0 9767 9785 44116 10 none
8 0 9767 9785 47742 8 none
7 1615987474324022884 9767 9784 30 39 none
8 0 9767 9785 47744 8 none
7 1615987474324321739 9767 9784 31 39 none
6 1615987474324340449 9767 9784 31 31 none
6 1615987474324359072 9767 9784 31 31 none
6 1615987474324366623 9767 9784 0 0 none
8 0 9767 9785 44150 10 none
8 0 9767 9785 44152 10 none
8 0 9767 9785 47778 8 none
7 1615987474351053674 9767 9784 32 16 none
6 1615987474351087573 9767 9784 31 31 none
8 0 9767 9785 44210 10 none
8 0 9767 9785 44218 10 none
8 0 9767 9785 44234 10 none
8 0 9767 9785 44238 10 none
8 0 9767 9785 44242 10 none
8 0 9767 9785 44246 10 none
8 0 9767 9785 44250 10 none
8 0 9767 9785 44260 10 none
8 0 9767 9785 47878 8 none
7 1615987474428548019 9767 9784 40 47 none
8 0 9767 9785 47880 8 none
7 1615987474428731942 9767 9784 41 47 none
6 1615987474428753280 9767 9784 31 31 none
6 1615987474428774519 9767 9784 31 31 none
6 1615987474428782525 9767 9784 0 0 none
8 0 9767 9785 44280 10 none
8 0 9767 9785 44288 10 none
8 0 9767 9785 44294 10 none
8 0 9767 9785 47912 8 none
7 1615987474456180195 9767 9784 20 71 none
8 0 9767 9785 47914 8 none
7 1615987474456490925 9767 9784 21 71 none
6 1615987474456512389 9767 9784 31 31 none
6 1615987474456535270 9767 9784 31 31 none
6 1615987474456543297 9767 9784 0 0 none
8 0 9767 9785 47956 8 none
8 0 9767 9785 47958 8 none
7 1615987474460964673 9767 9784 43 69 none
6 1615987474460990708 9767 9784 31 31 none
7 1615987474461004607 9767 9784 44 69 none
6 1615987474461020055 9767 9784 31 31 none
6 1615987474461027849 9767 9784 0 0 none
8 0 9767 9785 47982 8 none
7 1615987474474004122 9767 9784 18 79 none
8 0 9767 9785 47984 8 none
7 1615987474474244366 9767 9784 19 79 none
6 1615987474474264433 9767 9784 31 31 none
6 1615987474474286302 9767 9784 31 31 none
6 1615987474474294328 9767 9784 0 0 none
8 0 9767 9785 44388 10 none
8 0 9767 9785 44396 10 none
8 0 9767 9785 44410 10 none
8 0 9767 9785 44414 10 none
8 0 9767 9785 48044 8 none
8 0 9767 9785 48046 8 none
7 1615987474533591460 9767 9784 47 51 none
7 1615987474533620465 9767 9784 48 51 none
6 1615987474533638597 9767 9784 31 31 none
6 1615987474533650003 9767 9784 31 31 none
6 1615987474533657837 9767 9784 0 0 none
8 0 9767 9785 44448 10 none
8 0 9767 9785 48084 8 none
8 0 9767 9785 48086 8 none
8 0 9767 9785 48088 8 none
7 1615987474583078306 9767 9784 49 54 none
6 1615987474583106537 9767 9784 31 31 none
7 1615987474583142340 9767 9784 50 54 none
6 1615987474583158168 9767 9784 31 31 none
6 1615987474583163343 9767 9784 0 0 none
7 1615987474586035466 9767 9784 25 87 none
8 0 9767 9785 48096 8 none
7 1615987474586231902 9767 9784 14 87 none
6 1615987474586254024 9767 9784 31 31 none
6 1615987474586271860 9767 9784 31 31 none
6 1615987474586278193 9767 9784 0 0 none
8 0 9767 9785 48104 8 none
7 1615987474599130382 9767 9784 11 87 none
8 0 9767 9785 48106 8 none
7 1615987474599301757 9767 9784 12 87 none
6 1615987474599320632 9767 9784 31 31 none
6 1615987474599339720 9767 9784 31 31 none
6 1615987474599347156 9767 9784 0 0 none
8 0 9767 9785 48118 8 none
8 0 9767 9785 48120 8 none
7 1615987474601868953 9767 9784 13 62 none
7 1615987474601903438 9767 9784 26 62 none
6 1615987474601923697 9767 9784 31 31 none
6 1615987474601938170 9767 9784 31 31 none
6 1615987474601945621 9767 9784 0 0 none
8 0 9767 9785 44558 10 none
8 0 9767 9785 48176 8 none
8 0 9767 9785 48180 8 none
7 1615987474615531861 9767 9784 33 92 none
7 1615987474615563784 9767 9784 29 92 none
6 1615987474615579113 9767 9784 31 31 none
6 1615987474615595486 9767 9784 0 0 none
6 1615987474615609803 9767 9784 31 31 none
8 0 9767 9785 48182 8 none
7 1615987474616471576 9767 9784 36 93 none
8 0 9767 9785 48186 8 none
7 1615987474616712487 9767 9784 39 93 none
6 1615987474616733973 9767 9784 31 31 none
6 1615987474616751277 9767 9784 31 31 none
6 1615987474616758496 9767 9784 0 0 none
8 0 9767 9785 44616 10 none
8 0 9767 9785 48232 8 none
8 0 9767 9785 48234 8 none
7 1615987474672908040 9767 9784 35 62 none
7 1615987474672931706 9767 9784 51 62 none
6 1615987474672952907 9767 9784 31 31 none
6 1615987474672969094 9767 9784 31 31 none
6 1615987474672976527 9767 9784 0 0 none
8 0 9767 9785 48246 8 none
7 1615987474683590958 9767 9784 16 87 none
8 0 9767 9785 48248 8 none
7 1615987474683796829 9767 9784 17 87 none
6 1615987474683819559 9767 9784 31 31 none
6 1615987474683842894 9767 9784 31 31 none
6 1615987474683851796 9767 9784 0 0 none
8 0 9767 9785 48278 8 none
8 0 9767 9785 48280 8 none
7 1615987474718396973 9767 9784 45 91 none
6 1615987474718426435 9767 9784 31 31 none
7 1615987474718442356 9767 9784 46 91 none
6 1615987474718459979 9767 9784 31 31 none
6 1615987474718469164 9767 9784 0 0 none
8 0 9767 9785 48312 8 none
8 0 9767 9785 48310 8 none
7 1615987474736156599 9767 9784 38 57 none
8 0 9767 9785 48314 8 none
7 1615987474736463858 9767 9784 22 50 none
7 1615987474736483564 9767 9784 37 50 none
6 1615987474736496808 9767 9784 31 31 none
8 0 9767 9785 48316 8 none
7 1615987474736722524 9767 9784 42 57 none
6 1615987474736735294 9767 9784 31 31 none
6 1615987474736754501 9767 9784 31 31 none
6 1615987474736763111 9767 9784 0 0 none
6 1615987474736777021 9767 9784 31 31 none
6 1615987474736785101 9767 9784 0 0 none
8 0 9767 9785 48400 8 none
7 1615987474876640798 9767 9784 23 62 none
8 0 9767 9785 48404 8 none
6 1615987474876845180 9767 9784 31 31 none
7 1615987474895587766 9767 9784 24 62 none
6 1615987474895626621 9767 9784 31 31 none
6 1615987474895634223 9767 9784 0 0 none
8 0 9767 9785 44884 10 none
8 0 9767 9785 44886 10 none
8 0 9767 9785 48514 8 none
8 0 9767 9785 48516 8 none
7 1615987475579645102 9767 9784 52 14 none
7 1615987475579670152 9767 9784 53 14 none
6 1615987475579686555 9767 9784 31 31 none
6 1615987475579698863 9767 9784 0 0 none
6 1615987475579707923 9767 9784 31 31 none
