9 0 10010 10010 11311 3 none
10 0 10010 10010 42933 8 none
10 0 10010 10010 50218 9 none
10 0 10010 10010 39509 10 none
8 0 10010 10035 57388 10 none
9 0 10010 10010 39453 12 none
9 0 10010 10010 35231 13 none
9 0 10010 10010 35231 14 none
9 0 10010 10010 39685 15 none
9 0 10010 10010 34805 16 none
9 0 10010 10010 34629 17 none
9 0 10010 10010 39123 18 none
9 0 10010 10010 39123 19 none
9 0 10010 10010 42505 20 none
7 1615987474736836136 10010 10035 18 31 none
7 1615987474736864480 10010 10035 20 30 none
7 1615987474736874280 10010 10035 20 0 none
3 1615987474736905685 10010 10033 0 0 none
7 1615987474736931341 10010 10035 17 35 none
7 1615987474736938329 10010 10035 19 31 none
7 1615987474736946383 10010 10035 19 0 none
3 1615987474736949569 10010 10033 0 1 none
4 1615987474737005787 10010 10090 0 0 N8tf2_msgs10TFMessage_ISaIvEEE
5 1615987474737015412 10010 10090 0 0 none
4 1615987474737025231 10010 10090 1 0 N8tf2_msgs10TFMessage_ISaIvEEE
5 1615987474737026379 10010 10090 0 0 none
8 0 10010 10035 38734 8 none
7 1615987474770878265 10010 10035 11 16 none
8 0 10010 10035 57764 10 none
9 0 10010 10010 49205 13 none
7 1615987474892365389 10010 10035 13 62 none
8 0 10010 10035 38862 8 none
7 1615987475027212735 10010 10035 12 50 none
0 1615987479750604056 10010 10036 0 0 none
2 1615987479750620351 10010 10033 0 0 none
6 1615987479750630743 10010 10033 0 0 none
0 1615987484759943080 10010 10036 0 1 none
0 1615987484759966570 10010 10036 0 2 none
2 1615987484759977053 10010 10033 1 1 none
2 1615987484759988008 10010 10033 2 2 none
6 1615987484759995572 10010 10033 1 1 none
6 1615987484760029492 10010 10033 2 2 none
0 1615987489770221423 10010 10036 0 3 none
0 1615987489770243800 10010 10036 0 4 none
2 1615987489770259372 10010 10033 3 3 none
2 1615987489770272876 10010 10033 4 4 none
6 1615987489770281901 10010 10033 3 3 none
6 1615987489770323418 10010 10033 4 4 none
0 1615987494780715275 10010 10036 0 5 none
0 1615987494780766254 10010 10036 0 6 none
2 1615987494780838989 10010 10033 5 5 none
2 1615987494780868688 10010 10033 6 6 none
6 1615987494780887878 10010 10033 5 5 none
6 1615987494780970116 10010 10033 6 6 none
0 1615987499792257333 10010 10036 0 7 none
0 1615987499792308850 10010 10036 0 8 none
2 1615987499792368147 10010 10033 7 7 none
2 1615987499792396155 10010 10033 8 8 none
6 1615987499792423321 10010 10033 7 7 none
6 1615987499792502010 10010 10033 8 8 none
0 1615987504803861654 10010 10036 0 9 none
0 1615987504803919081 10010 10036 0 10 none
2 1615987504803966002 10010 10033 9 9 none
2 1615987504803991652 10010 10033 10 10 none
6 1615987504804008595 10010 10033 9 9 none
6 1615987504804071430 10010 10033 10 10 none
0 1615987509815751194 10010 10036 0 11 none
0 1615987509815761497 10010 10036 0 12 none
2 1615987509815792194 10010 10033 11 11 none
2 1615987509815798550 10010 10033 12 12 none
6 1615987509815802629 10010 10033 11 11 none
6 1615987509815821291 10010 10033 12 12 none
0 1615987514826369494 10010 10036 0 13 none
0 1615987514826409416 10010 10036 0 14 none
2 1615987514826440107 10010 10033 13 13 none
2 1615987514826466925 10010 10033 14 14 none
6 1615987514826484429 10010 10033 13 13 none
6 1615987514826544294 10010 10033 14 14 none
0 1615987519837809618 10010 10036 0 15 none
0 1615987519837851544 10010 10036 0 16 none
2 1615987519837916250 10010 10033 15 15 none
2 1615987519837944004 10010 10033 16 16 none
6 1615987519837962102 10010 10033 15 15 none
6 1615987519838031941 10010 10033 16 16 none
0 1615987524849981939 10010 10036 0 17 none
0 1615987524850028810 10010 10036 0 18 none
2 1615987524850088049 10010 10033 17 17 none
2 1615987524850118161 10010 10033 18 18 none
6 1615987524850136071 10010 10033 17 17 none
6 1615987524850204665 10010 10033 18 18 none
0 1615987529861218147 10010 10036 0 19 none
0 1615987529861227094 10010 10036 0 20 none
2 1615987529861233279 10010 10033 19 19 none
2 1615987529861239279 10010 10033 20 20 none
6 1615987529861242706 10010 10033 19 19 none
6 1615987529861255119 10010 10033 20 20 none
0 1615987534870108469 10010 10036 0 21 none
0 1615987534870150231 10010 10036 0 22 none
2 1615987534870207711 10010 10033 21 21 none
2 1615987534870234926 10010 10033 22 22 none
6 1615987534870251903 10010 10033 21 21 none
6 1615987534870312726 10010 10033 22 22 none
0 1615987539879015519 10010 10036 0 23 none
0 1615987539879022922 10010 10036 0 24 none
2 1615987539879071766 10010 10033 23 23 none
2 1615987539879077289 10010 10033 24 24 none
6 1615987539879080532 10010 10033 23 23 none
6 1615987539879093439 10010 10033 24 24 none
0 1615987544889174073 10010 10036 0 25 none
0 1615987544889216731 10010 10036 0 26 none
2 1615987544889254931 10010 10033 25 25 none
2 1615987544889325807 10010 10033 26 26 none
6 1615987544889349147 10010 10033 25 25 none
6 1615987544889449122 10010 10033 26 26 none
8 0 10010 10035 58192 10 none
9 0 10010 10010 46643 15 none
9 0 10010 10010 55365 16 none
6 1615987546135756752 10010 10033 57 57 none
7 1615987546137899668 10010 10035 16 15 none
7 1615987546192683806 10010 10035 16 1 none
3 1615987546192712711 10010 10033 1 2 none
7 1615987546343046459 10010 10035 16 2 none
3 1615987546343058562 10010 10033 2 3 none
7 1615987546545639177 10010 10035 16 3 none
3 1615987546545672398 10010 10033 3 4 none
7 1615987546697625464 10010 10035 16 4 none
3 1615987546697653356 10010 10033 4 5 none
7 1615987546848699850 10010 10035 16 5 none
3 1615987546848730558 10010 10033 5 6 none
7 1615987547000218056 10010 10035 16 6 none
3 1615987547000245283 10010 10033 6 7 none
7 1615987547202828972 10010 10035 16 7 none
3 1615987547202880222 10010 10033 7 8 none
7 1615987547353132817 10010 10035 16 8 none
3 1615987547353149370 10010 10033 8 9 none
7 1615987547504755512 10010 10035 16 9 none
3 1615987547504784738 10010 10033 9 10 none
7 1615987547706573204 10010 10035 16 10 none
3 1615987547706584738 10010 10033 10 11 none
7 1615987547857664741 10010 10035 16 11 none
3 1615987547857678148 10010 10033 11 12 none
7 1615987548009629993 10010 10035 16 12 none
3 1615987548009664849 10010 10033 12 13 none
7 1615987548160766860 10010 10035 16 13 none
3 1615987548160807966 10010 10033 13 14 none
7 1615987548364323160 10010 10035 16 14 none
3 1615987548364357268 10010 10033 14 15 none
7 1615987548516714708 10010 10035 16 15 none
3 1615987548516750675 10010 10033 15 16 none
7 1615987548877377928 10010 10035 16 16 none
3 1615987548877407819 10010 10033 16 17 none
7 1615987548877952689 10010 10035 16 17 none
3 1615987548877982063 10010 10033 17 18 none
7 1615987549027507968 10010 10035 16 18 none
3 1615987549027516840 10010 10033 18 19 none
7 1615987549330384357 10010 10035 16 19 none
3 1615987549330402016 10010 10033 19 20 none
7 1615987549381033539 10010 10035 16 20 none
3 1615987549381059555 10010 10033 20 21 none
7 1615987549532577254 10010 10035 16 21 none
3 1615987549532604934 10010 10033 21 22 none
7 1615987549737796212 10010 10035 16 22 none
3 1615987549737829909 10010 10033 22 23 none
7 1615987549839440940 10010 10035 16 23 none
3 1615987549839473099 10010 10033 23 24 none
0 1615987549899469006 10010 10036 0 27 none
0 1615987549899478476 10010 10036 0 28 none
2 1615987549899514853 10010 10033 27 27 none
2 1615987549899522060 10010 10033 28 28 none
6 1615987549899526814 10010 10033 27 27 none
6 1615987549899543698 10010 10033 28 28 none
7 1615987550193379410 10010 10035 16 24 none
3 1615987550193412073 10010 10033 24 25 none
7 1615987550347588980 10010 10035 16 25 none
3 1615987550347603625 10010 10033 25 26 none
7 1615987550701810808 10010 10035 16 26 none
3 1615987550701841139 10010 10033 26 27 none
7 1615987550857432906 10010 10035 16 27 none
3 1615987550857461738 10010 10033 27 28 none
7 1615987551058940927 10010 10035 16 28 none
3 1615987551058974300 10010 10033 28 29 none
7 1615987551210669068 10010 10035 16 29 none
3 1615987551210702120 10010 10033 29 30 none
7 1615987551363253198 10010 10035 16 30 none
3 1615987551363279588 10010 10033 30 31 none
7 1615987551513255549 10010 10035 16 31 none
3 1615987551513272554 10010 10033 31 32 none
7 1615987551665583833 10010 10035 16 32 none
3 1615987551665616083 10010 10033 32 33 none
7 1615987551869999317 10010 10035 16 33 none
3 1615987551870029719 10010 10033 33 34 none
7 1615987552020716396 10010 10035 16 34 none
3 1615987552020743780 10010 10033 34 35 none
7 1615987552172042177 10010 10035 16 35 none
3 1615987552172091543 10010 10033 35 36 none
7 1615987552326081785 10010 10035 16 36 none
3 1615987552326113488 10010 10033 36 37 none
7 1615987552580670615 10010 10035 16 37 none
3 1615987552580679919 10010 10033 37 38 none
7 1615987552681640923 10010 10035 16 38 none
3 1615987552681650336 10010 10033 38 39 none
7 1615987552888804546 10010 10035 16 39 none
3 1615987552888812365 10010 10033 39 40 none
7 1615987553040207522 10010 10035 16 40 none
3 1615987553040216763 10010 10033 40 41 none
7 1615987553191569689 10010 10035 16 41 none
3 1615987553191580012 10010 10033 41 42 none
7 1615987553343925150 10010 10035 16 42 none
3 1615987553343952856 10010 10033 42 43 none
7 1615987553496919901 10010 10035 16 43 none
3 1615987553496929594 10010 10033 43 44 none
7 1615987553698805464 10010 10035 16 44 none
3 1615987553698814882 10010 10033 44 45 none
7 1615987553851627839 10010 10035 16 45 none
3 1615987553851636057 10010 10033 45 46 none
7 1615987554008429737 10010 10035 16 46 none
3 1615987554008462718 10010 10033 46 47 none
7 1615987554209741388 10010 10035 16 47 none
3 1615987554209750722 10010 10033 47 48 none
7 1615987554361899649 10010 10035 16 48 none
3 1615987554361909060 10010 10033 48 49 none
7 1615987554516331709 10010 10035 16 49 none
3 1615987554516343314 10010 10033 49 50 none
7 1615987554668457295 10010 10035 16 50 none
3 1615987554668486296 10010 10033 50 51 none
0 1615987554909366812 10010 10036 0 29 none
0 1615987554909380987 10010 10036 0 30 none
2 1615987554909393557 10010 10033 29 29 none
2 1615987554909402488 10010 10033 30 30 none
6 1615987554909407455 10010 10033 29 29 none
6 1615987554909434480 10010 10033 30 30 none
7 1615987554920996881 10010 10035 16 51 none
3 1615987554921008162 10010 10033 51 52 none
7 1615987555022154649 10010 10035 16 52 none
3 1615987555022164231 10010 10033 52 53 none
7 1615987555172995364 10010 10035 16 53 none
3 1615987555173006255 10010 10033 53 54 none
7 1615987555533547733 10010 10035 16 54 none
3 1615987555533582202 10010 10033 54 55 none
7 1615987555684832244 10010 10035 16 55 none
3 1615987555684860377 10010 10033 55 56 none
7 1615987555684885119 10010 10035 16 56 none
3 1615987555684891816 10010 10033 56 57 none
7 1615987555836313882 10010 10035 16 57 none
3 1615987555836348016 10010 10033 57 58 none
7 1615987556037973001 10010 10035 16 58 none
3 1615987556037989833 10010 10033 58 59 none
7 1615987556188829153 10010 10035 16 59 none
3 1615987556188839325 10010 10033 59 60 none
7 1615987556543926312 10010 10035 16 60 none
3 1615987556543954340 10010 10033 60 61 none
7 1615987556543978903 10010 10035 16 61 none
3 1615987556543984421 10010 10033 61 62 none
7 1615987556846823413 10010 10035 16 62 none
3 1615987556846851783 10010 10033 62 63 none
7 1615987557001036180 10010 10035 16 63 none
3 1615987557001070912 10010 10033 63 64 none
7 1615987557001105529 10010 10035 16 64 none
3 1615987557001116494 10010 10033 64 65 none
7 1615987557356881714 10010 10035 16 65 none
3 1615987557356917571 10010 10033 65 66 none
7 1615987557511093049 10010 10035 16 66 none
3 1615987557511124401 10010 10033 66 67 none
7 1615987557563823077 10010 10035 16 67 none
3 1615987557563843048 10010 10033 67 68 none
7 1615987557867561530 10010 10035 16 68 none
3 1615987557867591511 10010 10033 68 69 none
7 1615987558019631948 10010 10035 16 69 none
3 1615987558019659723 10010 10033 69 70 none
7 1615987558170378569 10010 10035 16 70 none
3 1615987558170411957 10010 10033 70 71 none
7 1615987558374939849 10010 10035 16 71 none
3 1615987558374969063 10010 10033 71 72 none
7 1615987558532875842 10010 10035 16 72 none
3 1615987558532910963 10010 10033 72 73 none
7 1615987558683868389 10010 10035 16 73 none
3 1615987558683899418 10010 10033 73 74 none
7 1615987558885843255 10010 10035 16 74 none
3 1615987558885874878 10010 10033 74 75 none
7 1615987559037076600 10010 10035 16 75 none
3 1615987559037091276 10010 10033 75 76 none
7 1615987559189548510 10010 10035 16 76 none
3 1615987559189576744 10010 10033 76 77 none
7 1615987559189608359 10010 10035 16 77 none
3 1615987559189619128 10010 10033 77 78 none
7 1615987559547170680 10010 10035 16 78 none
3 1615987559547197810 10010 10033 78 79 none
7 1615987559699210888 10010 10035 16 79 none
3 1615987559699244094 10010 10033 79 80 none
7 1615987559699297093 10010 10035 16 80 none
3 1615987559699307610 10010 10033 80 81 none
0 1615987559920178387 10010 10036 0 31 none
0 1615987559920191854 10010 10036 0 32 none
2 1615987559920239075 10010 10033 31 31 none
2 1615987559920249871 10010 10033 32 32 none
6 1615987559920256604 10010 10033 31 31 none
6 1615987559920279648 10010 10033 32 32 none
7 1615987560001245491 10010 10035 16 81 none
3 1615987560001255928 10010 10033 81 82 none
7 1615987560205821906 10010 10035 16 82 none
3 1615987560205854199 10010 10033 82 83 none
7 1615987560206328210 10010 10035 16 83 none
3 1615987560206356369 10010 10033 83 84 none
7 1615987560356602499 10010 10035 16 84 none
3 1615987560356636867 10010 10033 84 85 none
7 1615987560507908259 10010 10035 16 85 none
3 1615987560507942783 10010 10033 85 86 none
7 1615987560714243357 10010 10035 16 86 none
3 1615987560714274559 10010 10033 86 87 none
7 1615987561017003363 10010 10035 16 87 none
3 1615987561017028700 10010 10033 87 88 none
7 1615987561017052047 10010 10035 16 88 none
3 1615987561017057777 10010 10033 88 89 none
7 1615987561168445774 10010 10035 16 89 none
3 1615987561168477613 10010 10033 89 90 none
7 1615987561370025154 10010 10035 16 90 none
3 1615987561370051815 10010 10033 90 91 none
7 1615987561521038461 10010 10035 16 91 none
3 1615987561521071731 10010 10033 91 92 none
7 1615987561723864096 10010 10035 16 92 none
3 1615987561723896063 10010 10033 92 93 none
7 1615987561824452887 10010 10035 16 93 none
3 1615987561824484935 10010 10033 93 94 none
7 1615987562029844264 10010 10035 16 94 none
3 1615987562029877274 10010 10033 94 95 none
7 1615987562184336316 10010 10035 16 95 none
3 1615987562184357891 10010 10033 95 96 none
7 1615987562335844096 10010 10035 16 96 none
3 1615987562335877288 10010 10033 96 97 none
7 1615987562537142800 10010 10035 16 97 none
3 1615987562537174713 10010 10033 97 98 none
7 1615987562692276414 10010 10035 16 98 none
3 1615987562692309049 10010 10033 98 99 none
7 1615987562843683589 10010 10035 16 99 none
3 1615987562843714824 10010 10033 99 100 none
7 1615987562994988914 10010 10035 16 100 none
3 1615987562995020500 10010 10033 100 101 none
7 1615987563198350197 10010 10035 16 101 none
3 1615987563198377119 10010 10033 101 102 none
7 1615987563350932387 10010 10035 16 102 none
3 1615987563350962485 10010 10033 102 103 none
7 1615987563603850801 10010 10035 16 103 none
3 1615987563603883618 10010 10033 103 104 none
7 1615987563711488051 10010 10035 16 104 none
3 1615987563711499324 10010 10033 104 105 none
7 1615987563863460410 10010 10035 16 105 none
3 1615987563863495421 10010 10033 105 106 none
7 1615987564014945936 10010 10035 16 106 none
3 1615987564014976188 10010 10033 106 107 none
7 1615987564166124170 10010 10035 16 107 none
3 1615987564166156918 10010 10033 107 108 none
7 1615987564372309442 10010 10035 16 108 none
3 1615987564372336690 10010 10033 108 109 none
7 1615987564523007755 10010 10035 16 109 none
3 1615987564523025094 10010 10033 109 110 none
7 1615987564879405507 10010 10035 16 110 none
3 1615987564879438821 10010 10033 110 111 none
7 1615987564879472418 10010 10035 16 111 none
3 1615987564879482449 10010 10033 111 112 none
0 1615987564931947479 10010 10036 0 33 none
0 1615987564931986261 10010 10036 0 34 none
2 1615987564932074909 10010 10033 33 33 none
2 1615987564932103237 10010 10033 34 34 none
6 1615987564932121682 10010 10033 33 33 none
6 1615987564932195681 10010 10033 34 34 none
7 1615987565029311993 10010 10035 16 112 none
3 1615987565029326188 10010 10033 112 113 none
7 1615987565180587077 10010 10035 16 113 none
3 1615987565180596698 10010 10033 113 114 none
7 1615987565334750060 10010 10035 16 114 none
3 1615987565334781364 10010 10033 114 115 none
7 1615987565686728673 10010 10035 16 115 none
3 1615987565686740994 10010 10033 115 116 none
7 1615987565841896614 10010 10035 16 116 none
3 1615987565841932920 10010 10033 116 117 none
7 1615987565842127596 10010 10035 16 117 none
3 1615987565842146431 10010 10033 117 118 none
7 1615987566194695365 10010 10035 16 118 none
3 1615987566194722147 10010 10033 118 119 none
7 1615987566350859309 10010 10035 16 119 none
3 1615987566350895769 10010 10033 119 120 none
7 1615987566350923382 10010 10035 16 120 none
3 1615987566350931470 10010 10033 120 121 none
7 1615987566702985382 10010 10035 16 121 none
3 1615987566703016041 10010 10033 121 122 none
7 1615987566856840486 10010 10035 16 122 none
3 1615987566856852724 10010 10033 122 123 none
7 1615987567013735765 10010 10035 16 123 none
3 1615987567013768261 10010 10033 123 124 none
7 1615987567165096170 10010 10035 16 124 none
3 1615987567165127034 10010 10033 124 125 none
7 1615987567366971453 10010 10035 16 125 none
3 1615987567367005452 10010 10033 125 126 none
7 1615987567517653351 10010 10035 16 126 none
3 1615987567517672627 10010 10033 126 127 none
7 1615987567669784435 10010 10035 16 127 none
3 1615987567669818613 10010 10033 127 128 none
7 1615987567872043640 10010 10035 16 128 none
3 1615987567872055751 10010 10033 128 129 none
7 1615987568025094885 10010 10035 16 129 none
3 1615987568025126690 10010 10033 129 130 none
7 1615987568177709416 10010 10035 16 130 none
3 1615987568177744436 10010 10033 130 131 none
7 1615987568432643403 10010 10035 16 131 none
3 1615987568432676806 10010 10033 131 132 none
7 1615987568433220043 10010 10035 16 132 none
3 1615987568433241715 10010 10033 132 133 none
7 1615987568684190763 10010 10035 16 133 none
3 1615987568684223072 10010 10033 133 134 none
7 1615987568733955887 10010 10035 16 134 none
3 1615987568733975108 10010 10033 134 135 none
7 1615987569041072840 10010 10035 16 135 none
3 1615987569041108587 10010 10033 135 136 none
7 1615987569041144200 10010 10035 16 136 none
3 1615987569041154610 10010 10033 136 137 none
7 1615987569343969228 10010 10035 16 137 none
3 1615987569344002631 10010 10033 137 138 none
7 1615987569501825347 10010 10035 16 138 none
3 1615987569501852357 10010 10033 138 139 none
7 1615987569703597259 10010 10035 16 139 none
3 1615987569703630810 10010 10033 139 140 none
7 1615987569855367336 10010 10035 16 140 none
3 1615987569855409092 10010 10033 140 141 none
0 1615987569943474226 10010 10036 0 35 none
0 1615987569943508116 10010 10036 0 36 none
2 1615987569943571558 10010 10033 35 35 none
2 1615987569943599298 10010 10033 36 36 none
6 1615987569943616528 10010 10033 35 35 none
6 1615987569943677368 10010 10033 36 36 none
7 1615987570010002308 10010 10035 16 141 none
3 1615987570010013412 10010 10033 141 142 none
7 1615987570212807499 10010 10035 16 142 none
3 1615987570212837768 10010 10033 142 143 none
7 1615987570364215643 10010 10035 16 143 none
3 1615987570364249322 10010 10033 143 144 none
7 1615987570516610895 10010 10035 16 144 none
3 1615987570516619399 10010 10033 144 145 none
7 1615987570668916889 10010 10035 16 145 none
3 1615987570668940409 10010 10033 145 146 none
7 1615987570870819107 10010 10035 16 146 none
3 1615987570870850771 10010 10033 146 147 none
7 1615987571024242993 10010 10035 16 147 none
3 1615987571024278960 10010 10033 147 148 none
7 1615987571226619944 10010 10035 16 148 none
3 1615987571226649173 10010 10033 148 149 none
7 1615987571327330851 10010 10035 16 149 none
3 1615987571327360477 10010 10033 149 150 none
7 1615987571533024737 10010 10035 16 150 none
3 1615987571533055393 10010 10033 150 151 none
7 1615987571683259689 10010 10035 16 151 none
3 1615987571683273690 10010 10033 151 152 none
7 1615987571835149657 10010 10035 16 152 none
3 1615987571835180691 10010 10033 152 153 none
7 1615987572039283531 10010 10035 16 153 none
3 1615987572039316153 10010 10033 153 154 none
7 1615987572240673127 10010 10035 16 154 none
3 1615987572240707596 10010 10033 154 155 none
7 1615987572493943829 10010 10035 16 155 none
3 1615987572493966107 10010 10033 155 156 none
7 1615987572699828395 10010 10035 16 156 none
3 1615987572699861771 10010 10033 156 157 none
7 1615987572850951593 10010 10035 16 157 none
3 1615987572850984920 10010 10033 157 158 none
7 1615987573004028464 10010 10035 16 158 none
3 1615987573004057358 10010 10033 158 159 none
7 1615987573207638992 10010 10035 16 159 none
3 1615987573207671210 10010 10033 159 160 none
7 1615987573511089535 10010 10035 16 160 none
3 1615987573511116959 10010 10033 160 161 none
7 1615987573869979253 10010 10035 16 161 none
3 1615987573870013738 10010 10033 161 162 none
7 1615987573870504412 10010 10035 16 162 none
3 1615987573870531692 10010 10033 162 163 none
7 1615987574020346578 10010 10035 16 163 none
3 1615987574020361204 10010 10033 163 164 none
7 1615987574377717280 10010 10035 16 164 none
3 1615987574377749451 10010 10033 164 165 none
7 1615987574377783042 10010 10035 16 165 none
3 1615987574377793112 10010 10033 165 166 none
7 1615987574528242363 10010 10035 16 166 none
3 1615987574528275876 10010 10033 166 167 none
7 1615987574683413190 10010 10035 16 167 none
3 1615987574683430719 10010 10033 167 168 none
7 1615987574836639627 10010 10035 16 168 none
3 1615987574836648885 10010 10033 168 169 none
0 1615987574955130483 10010 10036 0 37 none
0 1615987574955172596 10010 10036 0 38 none
2 1615987574955231420 10010 10033 37 37 none
2 1615987574955258575 10010 10033 38 38 none
6 1615987574955275991 10010 10033 37 37 none
6 1615987574955338081 10010 10033 38 38 none
7 1615987575039585789 10010 10035 16 169 none
3 1615987575039617246 10010 10033 169 170 none
7 1615987575191507823 10010 10035 16 170 none
3 1615987575191535215 10010 10033 170 171 none
7 1615987575342738260 10010 10035 16 171 none
3 1615987575342772824 10010 10033 171 172 none
7 1615987575544272858 10010 10035 16 172 none
3 1615987575544305779 10010 10033 172 173 none
7 1615987575696304860 10010 10035 16 173 none
3 1615987575696340006 10010 10033 173 174 none
7 1615987575847283630 10010 10035 16 174 none
3 1615987575847315134 10010 10033 174 175 none
7 1615987575999119001 10010 10035 16 175 none
3 1615987575999154471 10010 10033 175 176 none
7 1615987576202396190 10010 10035 16 176 none
3 1615987576202432193 10010 10033 176 177 none
7 1615987576353695012 10010 10035 16 177 none
3 1615987576353728074 10010 10033 177 178 none
7 1615987576504490476 10010 10035 16 178 none
3 1615987576504499742 10010 10033 178 179 none
7 1615987576715122377 10010 10035 16 179 none
3 1615987576715154214 10010 10033 179 180 none
7 1615987576866042491 10010 10035 16 180 none
3 1615987576866074682 10010 10033 180 181 none
7 1615987577017537134 10010 10035 16 181 none
3 1615987577017570370 10010 10033 181 182 none
7 1615987577169535847 10010 10035 16 182 none
3 1615987577169570261 10010 10033 182 183 none
7 1615987577371256537 10010 10035 16 183 none
3 1615987577371284446 10010 10033 183 184 none
7 1615987577523213483 10010 10035 16 184 none
3 1615987577523244852 10010 10033 184 185 none
7 1615987577676023079 10010 10035 16 185 none
3 1615987577676055116 10010 10033 185 186 none
7 1615987577831490444 10010 10035 16 186 none
3 1615987577831517345 10010 10033 186 187 none
7 1615987578032318171 10010 10035 16 187 none
3 1615987578032342759 10010 10033 187 188 none
7 1615987578184410046 10010 10035 16 188 none
3 1615987578184440248 10010 10033 188 189 none
7 1615987578339087679 10010 10035 16 189 none
3 1615987578339121809 10010 10033 189 190 none
7 1615987578540418797 10010 10035 16 190 none
3 1615987578540453615 10010 10033 190 191 none
7 1615987578692304273 10010 10035 16 191 none
3 1615987578692333916 10010 10033 191 192 none
7 1615987578847026738 10010 10035 16 192 none
3 1615987578847053421 10010 10033 192 193 none
7 1615987579048519184 10010 10035 16 193 none
3 1615987579048549271 10010 10033 193 194 none
7 1615987579199988189 10010 10035 16 194 none
3 1615987579200014701 10010 10033 194 195 none
7 1615987579351742989 10010 10035 16 195 none
3 1615987579351771392 10010 10033 195 196 none
7 1615987579502330893 10010 10035 16 196 none
3 1615987579502366736 10010 10033 196 197 none
7 1615987579704054627 10010 10035 16 197 none
3 1615987579704087670 10010 10033 197 198 none
7 1615987579857008698 10010 10035 16 198 none
3 1615987579857039528 10010 10033 198 199 none
0 1615987579967665929 10010 10036 0 39 none
0 1615987579967705365 10010 10036 0 40 none
2 1615987579967753513 10010 10033 39 39 none
2 1615987579967789708 10010 10033 40 40 none
6 1615987579967810735 10010 10033 39 39 none
6 1615987579967893759 10010 10033 40 40 none
7 1615987580007621232 10010 10035 16 199 none
3 1615987580007641566 10010 10033 199 200 none
7 1615987580209614904 10010 10035 16 200 none
3 1615987580209648477 10010 10033 200 201 none
7 1615987580365571311 10010 10035 16 201 none
3 1615987580365606680 10010 10033 201 202 none
7 1615987580516753905 10010 10035 16 202 none
3 1615987580516789431 10010 10033 202 203 none
7 1615987580668184366 10010 10035 16 203 none
3 1615987580668223290 10010 10033 203 204 none
7 1615987580870649049 10010 10035 16 204 none
3 1615987580870679489 10010 10033 204 205 none
7 1615987581022655205 10010 10035 16 205 none
3 1615987581022688643 10010 10033 205 206 none
7 1615987581173746270 10010 10035 16 206 none
3 1615987581173779027 10010 10033 206 207 none
7 1615987581325632831 10010 10035 16 207 none
3 1615987581325665107 10010 10033 207 208 none
7 1615987581529193366 10010 10035 16 208 none
3 1615987581529225500 10010 10033 208 209 none
7 1615987581732023598 10010 10035 16 209 none
3 1615987581732057919 10010 10033 209 210 none
7 1615987581885220150 10010 10035 16 210 none
3 1615987581885256859 10010 10033 210 211 none
7 1615987582036275171 10010 10035 16 211 none
3 1615987582036311923 10010 10033 211 212 none
7 1615987582187521640 10010 10035 16 212 none
3 1615987582187555199 10010 10033 212 213 none
7 1615987582440660738 10010 10035 16 213 none
3 1615987582440691316 10010 10033 213 214 none
7 1615987582540903312 10010 10035 16 214 none
3 1615987582540931737 10010 10033 214 215 none
7 1615987582744125284 10010 10035 16 215 none
3 1615987582744153606 10010 10033 215 216 none
7 1615987582896449437 10010 10035 16 216 none
3 1615987582896483072 10010 10033 216 217 none
7 1615987583047031885 10010 10035 16 217 none
3 1615987583047059125 10010 10033 217 218 none
7 1615987583248214305 10010 10035 16 218 none
3 1615987583248226595 10010 10033 218 219 none
7 1615987583350219696 10010 10035 16 219 none
3 1615987583350247950 10010 10033 219 220 none
7 1615987583552980794 10010 10035 16 220 none
3 1615987583553011821 10010 10033 220 221 none
7 1615987583703797770 10010 10035 16 221 none
3 1615987583703824533 10010 10033 221 222 none
7 1615987583855095268 10010 10035 16 222 none
3 1615987583855123580 10010 10033 222 223 none
7 1615987584006926646 10010 10035 16 223 none
3 1615987584006955425 10010 10033 223 224 none
7 1615987584208206200 10010 10035 16 224 none
3 1615987584208241435 10010 10033 224 225 none
7 1615987584359252707 10010 10035 16 225 none
3 1615987584359264600 10010 10033 225 226 none
7 1615987584510825565 10010 10035 16 226 none
3 1615987584510835675 10010 10033 226 227 none
7 1615987584714331364 10010 10035 16 227 none
3 1615987584714362123 10010 10033 227 228 none
7 1615987584865703973 10010 10035 16 228 none
3 1615987584865736679 10010 10033 228 229 none
0 1615987584978890063 10010 10036 0 41 none
0 1615987584978925501 10010 10036 0 42 none
2 1615987584978991837 10010 10033 41 41 none
2 1615987584979018319 10010 10033 42 42 none
6 1615987584979035324 10010 10033 41 41 none
6 1615987584979098600 10010 10033 42 42 none
7 1615987585017668388 10010 10035 16 229 none
3 1615987585017703348 10010 10033 229 230 none
7 1615987585168336141 10010 10035 16 230 none
3 1615987585168351511 10010 10033 230 231 none
7 1615987585371115163 10010 10035 16 231 none
3 1615987585371175060 10010 10033 231 232 none
7 1615987585523863057 10010 10035 16 232 none
3 1615987585523895747 10010 10033 232 233 none
7 1615987585674682619 10010 10035 16 233 none
3 1615987585674716982 10010 10033 233 234 none
7 1615987585875988446 10010 10035 16 234 none
3 1615987585876023143 10010 10033 234 235 none
7 1615987586182052370 10010 10035 16 235 none
3 1615987586182080129 10010 10033 235 236 none
7 1615987586333014313 10010 10035 16 236 none
3 1615987586333049435 10010 10033 236 237 none
7 1615987586383037993 10010 10035 16 237 none
3 1615987586383071007 10010 10033 237 238 none
7 1615987586688374359 10010 10035 16 238 none
3 1615987586688408253 10010 10033 238 239 none
7 1615987586838434004 10010 10035 16 239 none
3 1615987586838462127 10010 10033 239 240 none
7 1615987586838962236 10010 10035 16 240 none
3 1615987586838989576 10010 10033 240 241 none
7 1615987587200528293 10010 10035 16 241 none
3 1615987587200561555 10010 10033 241 242 none
7 1615987587401932690 10010 10035 16 242 none
3 1615987587401967108 10010 10033 242 243 none
7 1615987587502950592 10010 10035 16 243 none
3 1615987587502976894 10010 10033 243 244 none
7 1615987587712613156 10010 10035 16 244 none
3 1615987587712646870 10010 10033 244 245 none
7 1615987587864067523 10010 10035 16 245 none
3 1615987587864095693 10010 10033 245 246 none
7 1615987587864119479 10010 10035 16 246 none
3 1615987587864126242 10010 10033 246 247 none
7 1615987588217579470 10010 10035 16 247 none
3 1615987588217608923 10010 10033 247 248 none
7 1615987588368241991 10010 10035 16 248 none
3 1615987588368273498 10010 10033 248 249 none
7 1615987588368710764 10010 10035 16 249 none
3 1615987588368730678 10010 10033 249 250 none
7 1615987588671592742 10010 10035 16 250 none
3 1615987588671621415 10010 10033 250 251 none
7 1615987588873183284 10010 10035 16 251 none
3 1615987588873214029 10010 10033 251 252 none
7 1615987588873245947 10010 10035 16 252 none
3 1615987588873257467 10010 10033 252 253 none
7 1615987589176243794 10010 10035 16 253 none
3 1615987589176275474 10010 10033 253 254 none
7 1615987589378913366 10010 10035 16 254 none
3 1615987589378943833 10010 10033 254 255 none
7 1615987589378976419 10010 10035 16 255 none
3 1615987589378986381 10010 10033 255 256 none
7 1615987589684723207 10010 10035 16 256 none
3 1615987589684756668 10010 10033 256 257 none
7 1615987589684791856 10010 10035 16 257 none
3 1615987589684802202 10010 10033 257 258 none
7 1615987589835064052 10010 10035 16 258 none
3 1615987589835084677 10010 10033 258 259 none
0 1615987589990969652 10010 10036 0 43 none
0 1615987589991011717 10010 10036 0 44 none
2 1615987589991090150 10010 10033 43 43 none
2 1615987589991117082 10010 10033 44 44 none
6 1615987589991135286 10010 10033 43 43 none
6 1615987589991200818 10010 10033 44 44 none
7 1615987590037785220 10010 10035 16 259 none
3 1615987590037814663 10010 10033 259 260 none
7 1615987590190078774 10010 10035 16 260 none
3 1615987590190113983 10010 10033 260 261 none
7 1615987590340289075 10010 10035 16 261 none
3 1615987590340301636 10010 10033 261 262 none
7 1615987590491705331 10010 10035 16 262 none
3 1615987590491718772 10010 10033 262 263 none
7 1615987590699733084 10010 10035 16 263 none
3 1615987590699758968 10010 10033 263 264 none
7 1615987590901898459 10010 10035 16 264 none
3 1615987590901926000 10010 10033 264 265 none
7 1615987591002499617 10010 10035 16 265 none
3 1615987591002526206 10010 10033 265 266 none
7 1615987591206829485 10010 10035 16 266 none
3 1615987591206865374 10010 10033 266 267 none
7 1615987591360954991 10010 10035 16 267 none
3 1615987591360982984 10010 10033 267 268 none
7 1615987591512620772 10010 10035 16 268 none
3 1615987591512652547 10010 10033 268 269 none
7 1615987591664971075 10010 10035 16 269 none
3 1615987591665002658 10010 10033 269 270 none
7 1615987591868450618 10010 10035 16 270 none
3 1615987591868482593 10010 10033 270 271 none
7 1615987592019749753 10010 10035 16 271 none
3 1615987592019782739 10010 10033 271 272 none
7 1615987592170707907 10010 10035 16 272 none
3 1615987592170740897 10010 10033 272 273 none
7 1615987592381454187 10010 10035 16 273 none
3 1615987592381482266 10010 10033 273 274 none
7 1615987592532020099 10010 10035 16 274 none
3 1615987592532053424 10010 10033 274 275 none
7 1615987592683491875 10010 10035 16 275 none
3 1615987592683524819 10010 10033 275 276 none
7 1615987592836341867 10010 10035 16 276 none
3 1615987592836374981 10010 10033 276 277 none
7 1615987593037956694 10010 10035 16 277 none
3 1615987593037989231 10010 10033 277 278 none
7 1615987593189383633 10010 10035 16 278 none
3 1615987593189416426 10010 10033 278 279 none
7 1615987593343191509 10010 10035 16 279 none
3 1615987593343223881 10010 10033 279 280 none
7 1615987593494109957 10010 10035 16 280 none
3 1615987593494143489 10010 10033 280 281 none
7 1615987593696404295 10010 10035 16 281 none
3 1615987593696438304 10010 10033 281 282 none
7 1615987593851035976 10010 10035 16 282 none
3 1615987593851063435 10010 10033 282 283 none
7 1615987594002013569 10010 10035 16 283 none
3 1615987594002045308 10010 10033 283 284 none
7 1615987594204026471 10010 10035 16 284 none
3 1615987594204056174 10010 10033 284 285 none
7 1615987594358549399 10010 10035 16 285 none
3 1615987594358576857 10010 10033 285 286 none
7 1615987594509563545 10010 10035 16 286 none
3 1615987594509596413 10010 10033 286 287 none
7 1615987594661240305 10010 10035 16 287 none
3 1615987594661322984 10010 10033 287 288 none
7 1615987594864837743 10010 10035 16 288 none
3 1615987594864846092 10010 10033 288 289 none
0 1615987595002998886 10010 10036 0 45 none
0 1615987595003040146 10010 10036 0 46 none
2 1615987595003072523 10010 10033 45 45 none
2 1615987595003099707 10010 10033 46 46 none
6 1615987595003118973 10010 10033 45 45 none
6 1615987595003181213 10010 10033 46 46 none
7 1615987595019806998 10010 10035 16 289 none
3 1615987595019836270 10010 10033 289 290 none
7 1615987595171273605 10010 10035 16 290 none
3 1615987595171307557 10010 10033 290 291 none
7 1615987595373223027 10010 10035 16 291 none
3 1615987595373256215 10010 10033 291 292 none
7 1615987595526290885 10010 10035 16 292 none
3 1615987595526319952 10010 10033 292 293 none
7 1615987595677814665 10010 10035 16 293 none
3 1615987595677848196 10010 10033 293 294 none
7 1615987595830216679 10010 10035 16 294 none
3 1615987595830251398 10010 10033 294 295 none
7 1615987596032875081 10010 10035 16 295 none
3 1615987596032911695 10010 10033 295 296 none
7 1615987596183501763 10010 10035 16 296 none
3 1615987596183511132 10010 10033 296 297 none
7 1615987596386761531 10010 10035 16 297 none
3 1615987596386795981 10010 10033 297 298 none
7 1615987596540606972 10010 10035 16 298 none
3 1615987596540635672 10010 10033 298 299 none
7 1615987596691928993 10010 10035 16 299 none
3 1615987596691964136 10010 10033 299 300 none
7 1615987596843320808 10010 10035 16 300 none
3 1615987596843354985 10010 10033 300 301 none
7 1615987597048947436 10010 10035 16 301 none
3 1615987597048980475 10010 10033 301 302 none
7 1615987597200160476 10010 10035 16 302 none
3 1615987597200192324 10010 10033 302 303 none
7 1615987597351717762 10010 10035 16 303 none
3 1615987597351752529 10010 10033 303 304 none
7 1615987597508976403 10010 10035 16 304 none
3 1615987597509012259 10010 10033 304 305 none
7 1615987597710526758 10010 10035 16 305 none
3 1615987597710534547 10010 10033 305 306 none
7 1615987597861166790 10010 10035 16 306 none
3 1615987597861178584 10010 10033 306 307 none
7 1615987598015729261 10010 10035 16 307 none
3 1615987598015742523 10010 10033 307 308 none
7 1615987598167722955 10010 10035 16 308 none
3 1615987598167758474 10010 10033 308 309 none
7 1615987598369299524 10010 10035 16 309 none
3 1615987598369316124 10010 10033 309 310 none
7 1615987598521504346 10010 10035 16 310 none
3 1615987598521535276 10010 10033 310 311 none
7 1615987598672371672 10010 10035 16 311 none
3 1615987598672402682 10010 10033 311 312 none
7 1615987598925125430 10010 10035 16 312 none
3 1615987598925158057 10010 10033 312 313 none
7 1615987599076228374 10010 10035 16 313 none
3 1615987599076246831 10010 10033 313 314 none
7 1615987599228217166 10010 10035 16 314 none
3 1615987599228245135 10010 10033 314 315 none
7 1615987599379060946 10010 10035 16 315 none
3 1615987599379070961 10010 10033 315 316 none
7 1615987599732746549 10010 10035 16 316 none
3 1615987599732757821 10010 10033 316 317 none
7 1615987599732831580 10010 10035 16 317 none
3 1615987599732835741 10010 10033 317 318 none
7 1615987599883983858 10010 10035 16 318 none
3 1615987599883990593 10010 10033 318 319 none
0 1615987600014698041 10010 10036 0 47 none
0 1615987600014738348 10010 10036 0 48 none
2 1615987600014776533 10010 10033 47 47 none
2 1615987600014806627 10010 10033 48 48 none
6 1615987600014829533 10010 10033 47 47 none
6 1615987600014908830 10010 10033 48 48 none
7 1615987600237440957 10010 10035 16 319 none
3 1615987600237448514 10010 10033 319 320 none
7 1615987600237619670 10010 10035 16 320 none
3 1615987600237624987 10010 10033 320 321 none
7 1615987600591451036 10010 10035 16 321 none
3 1615987600591457990 10010 10033 321 322 none
7 1615987600742912412 10010 10035 16 322 none
3 1615987600742925317 10010 10033 322 323 none
7 1615987600743041389 10010 10035 16 323 none
3 1615987600743046983 10010 10033 323 324 none
7 1615987601046596569 10010 10035 16 324 none
3 1615987601046606120 10010 10033 324 325 none
7 1615987601198476147 10010 10035 16 325 none
3 1615987601198485714 10010 10033 325 326 none
7 1615987601198495016 10010 10035 16 326 none
3 1615987601198496578 10010 10033 326 327 none
7 1615987601400632816 10010 10035 16 327 none
3 1615987601400641272 10010 10033 327 328 none
7 1615987601705057515 10010 10035 16 328 none
3 1615987601705080998 10010 10033 328 329 none
7 1615987601906316563 10010 10035 16 329 none
3 1615987601906337630 10010 10033 329 330 none
7 1615987602058753382 10010 10035 16 330 none
3 1615987602058782973 10010 10033 330 331 none
7 1615987602209885052 10010 10035 16 331 none
3 1615987602209914617 10010 10033 331 332 none
7 1615987602360500614 10010 10035 16 332 none
3 1615987602360510988 10010 10033 332 333 none
7 1615987602562340037 10010 10035 16 333 none
3 1615987602562349473 10010 10033 333 334 none
7 1615987602713971383 10010 10035 16 334 none
3 1615987602713980529 10010 10033 334 335 none
7 1615987602865254777 10010 10035 16 335 none
3 1615987602865269142 10010 10033 335 336 none
7 1615987603067285687 10010 10035 16 336 none
3 1615987603067294584 10010 10033 336 337 none
7 1615987603218924504 10010 10035 16 337 none
3 1615987603218935250 10010 10033 337 338 none
7 1615987603370398451 10010 10035 16 338 none
3 1615987603370407543 10010 10033 338 339 none
7 1615987603572548492 10010 10035 16 339 none
3 1615987603572572108 10010 10033 339 340 none
7 1615987603723979556 10010 10035 16 340 none
3 1615987603723988225 10010 10033 340 341 none
7 1615987603875408748 10010 10035 16 341 none
3 1615987603875416284 10010 10033 341 342 none
7 1615987604027133025 10010 10035 16 342 none
3 1615987604027156401 10010 10033 342 343 none
7 1615987604229594537 10010 10035 16 343 none
3 1615987604229603945 10010 10033 343 344 none
7 1615987604380930979 10010 10035 16 344 none
3 1615987604380941769 10010 10033 344 345 none
7 1615987604381032021 10010 10035 16 345 none
3 1615987604381035504 10010 10033 345 346 none
7 1615987604532577251 10010 10035 16 346 none
3 1615987604532585769 10010 10033 346 347 none
7 1615987604886054324 10010 10035 16 347 none
3 1615987604886062425 10010 10033 347 348 none
7 1615987604886071243 10010 10035 16 348 none
3 1615987604886073058 10010 10033 348 349 none
0 1615987605023614665 10010 10036 0 49 none
0 1615987605023647054 10010 10036 0 50 none
2 1615987605023737917 10010 10033 49 49 none
2 1615987605023764847 10010 10033 50 50 none
6 1615987605023781878 10010 10033 49 49 none
6 1615987605023842038 10010 10033 50 50 none
7 1615987605037455353 10010 10035 16 349 none
3 1615987605037464663 10010 10033 349 350 none
7 1615987605189374481 10010 10035 16 350 none
3 1615987605189387233 10010 10033 350 351 none
7 1615987605340578508 10010 10035 16 351 none
3 1615987605340590189 10010 10033 351 352 none
7 1615987605694607287 10010 10035 16 352 none
3 1615987605694616622 10010 10033 352 353 none
7 1615987605846155225 10010 10035 16 353 none
3 1615987605846169376 10010 10033 353 354 none
7 1615987605846183546 10010 10035 16 354 none
3 1615987605846186424 10010 10033 354 355 none
7 1615987606047885970 10010 10035 16 355 none
3 1615987606047897658 10010 10033 355 356 none
7 1615987606352027120 10010 10035 16 356 none
3 1615987606352060693 10010 10033 356 357 none
7 1615987606553535371 10010 10035 16 357 none
3 1615987606553564991 10010 10033 357 358 none
7 1615987606704211095 10010 10035 16 358 none
3 1615987606704224044 10010 10033 358 359 none
7 1615987606704310765 10010 10035 16 359 none
3 1615987606704317636 10010 10033 359 360 none
7 1615987607006843421 10010 10035 16 360 none
3 1615987607006856490 10010 10033 360 361 none
7 1615987607209409864 10010 10035 16 361 none
3 1615987607209441863 10010 10033 361 362 none
7 1615987607363003230 10010 10035 16 362 none
3 1615987607363036359 10010 10033 362 363 none
7 1615987607513786332 10010 10035 16 363 none
3 1615987607513813241 10010 10033 363 364 none
7 1615987607664931307 10010 10035 16 364 none
3 1615987607665462008 10010 10033 364 365 none
7 1615987607869782858 10010 10035 16 365 none
3 1615987607869813045 10010 10033 365 366 none
7 1615987608021082742 10010 10035 16 366 none
3 1615987608021115203 10010 10033 366 367 none
7 1615987608172615901 10010 10035 16 367 none
3 1615987608172647606 10010 10033 367 368 none
7 1615987608378816450 10010 10035 16 368 none
3 1615987608378845647 10010 10033 368 369 none
7 1615987608530025081 10010 10035 16 369 none
3 1615987608530078211 10010 10033 369 370 none
7 1615987608681506349 10010 10035 16 370 none
3 1615987608681534851 10010 10033 370 371 none
7 1615987608888032014 10010 10035 16 371 none
3 1615987608888069942 10010 10033 371 372 none
7 1615987609038513395 10010 10035 16 372 none
3 1615987609038524861 10010 10033 372 373 none
7 1615987609190649952 10010 10035 16 373 none
3 1615987609190685415 10010 10033 373 374 none
7 1615987609344603913 10010 10035 16 374 none
3 1615987609344635727 10010 10033 374 375 none
7 1615987609497251479 10010 10035 16 375 none
3 1615987609497320367 10010 10033 375 376 none
7 1615987609699353880 10010 10035 16 376 none
3 1615987609699382514 10010 10033 376 377 none
7 1615987609904960893 10010 10035 16 377 none
3 1615987609904988258 10010 10033 377 378 none
7 1615987610005385040 10010 10035 16 378 none
3 1615987610005414297 10010 10033 378 379 none
0 1615987610034020539 10010 10036 0 51 none
0 1615987610034057897 10010 10036 0 52 none
2 1615987610034097250 10010 10033 51 51 none
2 1615987610034131476 10010 10033 52 52 none
6 1615987610034156719 10010 10033 51 51 none
6 1615987610034238324 10010 10033 52 52 none
7 1615987610257768528 10010 10035 16 379 none
3 1615987610257801568 10010 10033 379 380 none
7 1615987610361035974 10010 10035 16 380 none
3 1615987610361063608 10010 10033 380 381 none
7 1615987610514344817 10010 10035 16 381 none
3 1615987610514380131 10010 10033 381 382 none
7 1615987610665635210 10010 10035 16 382 none
3 1615987610665667003 10010 10033 382 383 none
7 1615987610867957595 10010 10035 16 383 none
3 1615987610867988767 10010 10033 383 384 none
7 1615987611020747334 10010 10035 16 384 none
3 1615987611020780988 10010 10033 384 385 none
7 1615987611172139283 10010 10035 16 385 none
3 1615987611172169364 10010 10033 385 386 none
7 1615987611375527790 10010 10035 16 386 none
3 1615987611375564543 10010 10033 386 387 none
7 1615987611528240237 10010 10035 16 387 none
3 1615987611528274795 10010 10033 387 388 none
7 1615987611678575910 10010 10035 16 388 none
3 1615987611678587870 10010 10033 388 389 none
7 1615987611881067613 10010 10035 16 389 none
3 1615987611881101723 10010 10033 389 390 none
7 1615987612034927024 10010 10035 16 390 none
3 1615987612034960078 10010 10033 390 391 none
7 1615987612185517884 10010 10035 16 391 none
3 1615987612185544726 10010 10033 391 392 none
7 1615987612336601500 10010 10035 16 392 none
3 1615987612336635312 10010 10033 392 393 none
7 1615987612541897741 10010 10035 16 393 none
3 1615987612541925905 10010 10033 393 394 none
7 1615987612692588882 10010 10035 16 394 none
3 1615987612692606615 10010 10033 394 395 none
7 1615987612844536238 10010 10035 16 395 none
3 1615987612844564327 10010 10033 395 396 none
7 1615987612997982348 10010 10035 16 396 none
3 1615987612998009630 10010 10033 396 397 none
7 1615987613200336303 10010 10035 16 397 none
3 1615987613200368948 10010 10033 397 398 none
7 1615987613351533252 10010 10035 16 398 none
3 1615987613351562365 10010 10033 398 399 none
7 1615987613559035251 10010 10035 16 399 none
3 1615987613559071490 10010 10033 399 400 none
7 1615987613709941381 10010 10035 16 400 none
3 1615987613709973947 10010 10033 400 401 none
7 1615987613860610050 10010 10035 16 401 none
3 1615987613860623030 10010 10033 401 402 none
7 1615987614063402199 10010 10035 16 402 none
3 1615987614063433617 10010 10033 402 403 none
7 1615987614214703772 10010 10035 16 403 none
3 1615987614214735444 10010 10033 403 404 none
7 1615987614417018058 10010 10035 16 404 none
3 1615987614417043860 10010 10033 404 405 none
7 1615987614568831229 10010 10035 16 405 none
3 1615987614568865210 10010 10033 405 406 none
7 1615987614719842567 10010 10035 16 406 none
3 1615987614719876570 10010 10033 406 407 none
7 1615987614871230814 10010 10035 16 407 none
3 1615987614871267774 10010 10033 407 408 none
0 1615987615045292360 10010 10036 0 53 none
0 1615987615045306468 10010 10036 0 54 none
2 1615987615045317973 10010 10033 53 53 none
2 1615987615045326239 10010 10033 54 54 none
6 1615987615045332201 10010 10033 53 53 none
6 1615987615045353668 10010 10033 54 54 none
7 1615987615072787627 10010 10035 16 408 none
3 1615987615072795794 10010 10033 408 409 none
7 1615987615225071163 10010 10035 16 409 none
3 1615987615225097962 10010 10033 409 410 none
7 1615987615579131515 10010 10035 16 410 none
3 1615987615579157442 10010 10033 410 411 none
7 1615987615881782536 10010 10035 16 411 none
3 1615987615881810704 10010 10033 411 412 none
7 1615987615882245888 10010 10035 16 412 none
3 1615987615882271721 10010 10033 412 413 none
7 1615987616084424965 10010 10035 16 413 none
3 1615987616084458207 10010 10033 413 414 none
7 1615987616387357461 10010 10035 16 414 none
3 1615987616387386444 10010 10033 414 415 none
7 1615987616387973083 10010 10035 16 415 none
3 1615987616387995867 10010 10033 415 416 none
7 1615987616589344496 10010 10035 16 416 none
3 1615987616589377263 10010 10033 416 417 none
7 1615987616893548109 10010 10035 16 417 none
3 1615987616893578359 10010 10033 417 418 none
7 1615987616894056512 10010 10035 16 418 none
3 1615987616894085865 10010 10033 418 419 none
7 1615987617044380302 10010 10035 16 419 none
3 1615987617044407813 10010 10033 419 420 none
7 1615987617400414244 10010 10035 16 420 none
3 1615987617400442587 10010 10033 420 421 none
7 1615987617400466233 10010 10035 16 421 none
3 1615987617400473551 10010 10033 421 422 none
7 1615987617551381140 10010 10035 16 422 none
3 1615987617551412495 10010 10033 422 423 none
7 1615987617854665424 10010 10035 16 423 none
3 1615987617854699235 10010 10033 423 424 none
7 1615987617855139793 10010 10035 16 424 none
3 1615987617855160952 10010 10033 424 425 none
7 1615987618055964737 10010 10035 16 425 none
3 1615987618055998488 10010 10033 425 426 none
7 1615987618207780972 10010 10035 16 426 none
3 1615987618207814160 10010 10033 426 427 none
7 1615987618358704146 10010 10035 16 427 none
3 1615987618358740646 10010 10033 427 428 none
7 1615987618561184610 10010 10035 16 428 none
3 1615987618561212178 10010 10033 428 429 none
7 1615987618864388397 10010 10035 16 429 none
3 1615987618864420070 10010 10033 429 430 none
7 1615987618864444335 10010 10035 16 430 none
3 1615987618864449787 10010 10033 430 431 none
7 1615987619015117412 10010 10035 16 431 none
3 1615987619015151060 10010 10033 431 432 none
7 1615987619217802902 10010 10035 16 432 none
3 1615987619217835974 10010 10033 432 433 none
7 1615987619369094075 10010 10035 16 433 none
3 1615987619369122845 10010 10033 433 434 none
7 1615987619520361392 10010 10035 16 434 none
3 1615987619520392018 10010 10033 434 435 none
7 1615987619722760542 10010 10035 16 435 none
3 1615987619722791639 10010 10033 435 436 none
7 1615987619873609348 10010 10035 16 436 none
3 1615987619873641986 10010 10033 436 437 none
0 1615987620056593440 10010 10036 0 55 none
0 1615987620056609104 10010 10036 0 56 none
2 1615987620056645297 10010 10033 55 55 none
2 1615987620056653038 10010 10033 56 56 none
6 1615987620056658139 10010 10033 55 55 none
6 1615987620056680184 10010 10033 56 56 none
7 1615987620074664636 10010 10035 16 437 none
3 1615987620074675809 10010 10033 437 438 none
7 1615987620176210952 10010 10035 16 438 none
3 1615987620176243973 10010 10033 438 439 none
7 1615987620378420903 10010 10035 16 439 none
3 1615987620378448526 10010 10033 439 440 none
7 1615987620529670301 10010 10035 16 440 none
3 1615987620529702556 10010 10033 440 441 none
7 1615987620681352372 10010 10035 16 441 none
3 1615987620681388100 10010 10033 441 442 none
7 1615987620882881379 10010 10035 16 442 none
3 1615987620882893084 10010 10033 442 443 none
7 1615987621034595002 10010 10035 16 443 none
3 1615987621034614606 10010 10033 443 444 none
7 1615987621187130281 10010 10035 16 444 none
3 1615987621187159199 10010 10033 444 445 none
7 1615987621339001004 10010 10035 16 445 none
3 1615987621339033316 10010 10033 445 446 none
7 1615987621540631479 10010 10035 16 446 none
3 1615987621540664483 10010 10033 446 447 none
7 1615987621692254480 10010 10035 16 447 none
3 1615987621692287748 10010 10033 447 448 none
7 1615987621844438262 10010 10035 16 448 none
3 1615987621844474180 10010 10033 448 449 none
7 1615987622046078789 10010 10035 16 449 none
3 1615987622046115525 10010 10033 449 450 none
7 1615987622197594141 10010 10035 16 450 none
3 1615987622197627671 10010 10033 450 451 none
7 1615987622349780569 10010 10035 16 451 none
3 1615987622349812940 10010 10033 451 452 none
7 1615987622500801629 10010 10035 16 452 none
3 1615987622500836195 10010 10033 452 453 none
7 1615987622702604671 10010 10035 16 453 none
3 1615987622702633507 10010 10033 453 454 none
7 1615987622855003240 10010 10035 16 454 none
3 1615987622855033038 10010 10033 454 455 none
7 1615987623007000254 10010 10035 16 455 none
3 1615987623007036033 10010 10033 455 456 none
7 1615987623208624771 10010 10035 16 456 none
3 1615987623208656719 10010 10033 456 457 none
7 1615987623362974011 10010 10035 16 457 none
3 1615987623362987454 10010 10033 457 458 none
7 1615987623514991079 10010 10035 16 458 none
3 1615987623515023353 10010 10033 458 459 none
7 1615987623665885603 10010 10035 16 459 none
3 1615987623665918069 10010 10033 459 460 none
7 1615987623870680936 10010 10035 16 460 none
3 1615987623870713538 10010 10033 460 461 none
7 1615987624023157210 10010 10035 16 461 none
3 1615987624023212551 10010 10033 461 462 none
7 1615987624174520782 10010 10035 16 462 none
3 1615987624174556637 10010 10033 462 463 none
7 1615987624377611424 10010 10035 16 463 none
3 1615987624377645253 10010 10033 463 464 none
7 1615987624580290099 10010 10035 16 464 none
3 1615987624580325908 10010 10033 464 465 none
7 1615987624730495341 10010 10035 16 465 none
3 1615987624730505208 10010 10033 465 466 none
7 1615987624882941883 10010 10035 16 466 none
3 1615987624882977641 10010 10033 466 467 none
0 1615987625068810977 10010 10036 0 57 none
0 1615987625068853637 10010 10036 0 58 none
2 1615987625068922216 10010 10033 57 57 none
2 1615987625068950749 10010 10033 58 58 none
6 1615987625068969238 10010 10033 57 57 none
6 1615987625069048875 10010 10033 58 58 none
7 1615987625085568195 10010 10035 16 467 none
3 1615987625085597656 10010 10033 467 468 none
7 1615987625236347407 10010 10035 16 468 none
3 1615987625236376503 10010 10033 468 469 none
7 1615987625387856158 10010 10035 16 469 none
3 1615987625387892017 10010 10033 469 470 none
7 1615987625540098951 10010 10035 16 470 none
3 1615987625540132732 10010 10033 470 471 none
7 1615987625741825064 10010 10035 16 471 none
3 1615987625741857690 10010 10033 471 472 none
7 1615987625893630175 10010 10035 16 472 none
3 1615987625893659560 10010 10033 472 473 none
7 1615987626045739099 10010 10035 16 473 none
3 1615987626045772592 10010 10033 473 474 none
7 1615987626246762913 10010 10035 16 474 none
3 1615987626246796708 10010 10033 474 475 none
7 1615987626398778585 10010 10035 16 475 none
3 1615987626398812835 10010 10033 475 476 none
7 1615987626550701886 10010 10035 16 476 none
3 1615987626550734725 10010 10033 476 477 none
7 1615987626751911538 10010 10035 16 477 none
3 1615987626751948074 10010 10033 477 478 none
7 1615987626903393324 10010 10035 16 478 none
3 1615987626903427267 10010 10033 478 479 none
7 1615987627055116672 10010 10035 16 479 none
3 1615987627055151357 10010 10033 479 480 none
7 1615987627206289966 10010 10035 16 480 none
3 1615987627206319757 10010 10033 480 481 none
7 1615987627408399427 10010 10035 16 481 none
3 1615987627408427560 10010 10033 481 482 none
7 1615987627560315063 10010 10035 16 482 none
3 1615987627560349056 10010 10033 482 483 none
7 1615987627711513937 10010 10035 16 483 none
3 1615987627711551689 10010 10033 483 484 none
7 1615987627862495731 10010 10035 16 484 none
3 1615987627862531075 10010 10033 484 485 none
7 1615987628064141151 10010 10035 16 485 none
3 1615987628064151703 10010 10033 485 486 none
7 1615987628215320792 10010 10035 16 486 none
3 1615987628215343895 10010 10033 486 487 none
7 1615987628366572350 10010 10035 16 487 none
3 1615987628366582564 10010 10033 487 488 none
7 1615987628517704798 10010 10035 16 488 none
3 1615987628517715036 10010 10033 488 489 none
7 1615987628720819042 10010 10035 16 489 none
3 1615987628720851249 10010 10033 489 490 none
7 1615987628871495126 10010 10035 16 490 none
3 1615987628871505467 10010 10033 490 491 none
7 1615987629073651984 10010 10035 16 491 none
3 1615987629073661208 10010 10033 491 492 none
7 1615987629376914411 10010 10035 16 492 none
3 1615987629376952248 10010 10033 492 493 none
7 1615987629377068182 10010 10035 16 493 none
3 1615987629377073475 10010 10033 493 494 none
7 1615987629579232669 10010 10035 16 494 none
3 1615987629579257016 10010 10033 494 495 none
7 1615987629882261717 10010 10035 16 495 none
3 1615987629882270651 10010 10033 495 496 none
7 1615987630033870146 10010 10035 16 496 none
3 1615987630033879437 10010 10033 496 497 none
0 1615987630079132159 10010 10036 0 59 none
0 1615987630079139842 10010 10036 0 60 none
2 1615987630079146822 10010 10033 59 59 none
2 1615987630079152360 10010 10033 60 60 none
6 1615987630079155887 10010 10033 59 59 none
6 1615987630079167996 10010 10033 60 60 none
7 1615987630388598814 10010 10035 16 497 none
3 1615987630388635822 10010 10033 497 498 none
7 1615987630389123731 10010 10035 16 498 none
3 1615987630389148295 10010 10033 498 499 none
7 1615987630538773034 10010 10035 16 499 none
3 1615987630538785137 10010 10033 499 500 none
7 1615987630842267579 10010 10035 16 500 none
3 1615987630842275148 10010 10033 500 501 none
7 1615987630842431331 10010 10035 16 501 none
3 1615987630842449588 10010 10033 501 502 none
7 1615987631195324339 10010 10035 16 502 none
3 1615987631195346413 10010 10033 502 503 none
7 1615987631346796613 10010 10035 16 503 none
3 1615987631346805287 10010 10033 503 504 none
7 1615987631701460911 10010 10035 16 504 none
3 1615987631701493469 10010 10033 504 505 none
7 1615987631854358467 10010 10035 16 505 none
3 1615987631854387433 10010 10033 505 506 none
7 1615987632005651794 10010 10035 16 506 none
3 1615987632005681216 10010 10033 506 507 none
7 1615987632211392490 10010 10035 16 507 none
3 1615987632211402479 10010 10033 507 508 none
7 1615987632362720381 10010 10035 16 508 none
3 1615987632362731882 10010 10033 508 509 none
7 1615987632514163643 10010 10035 16 509 none
3 1615987632514172864 10010 10033 509 510 none
7 1615987632666967273 10010 10035 16 510 none
3 1615987632666999157 10010 10033 510 511 none
7 1615987632869924396 10010 10035 16 511 none
3 1615987632869958559 10010 10033 511 512 none
7 1615987632870230195 10010 10035 16 512 none
3 1615987632870252630 10010 10033 512 513 none
7 1615987633224526948 10010 10035 16 513 none
3 1615987633224536064 10010 10033 513 514 none
7 1615987633327988287 10010 10035 16 514 none
3 1615987633328016233 10010 10033 514 515 none
7 1615987633328501174 10010 10035 16 515 none
3 1615987633328531714 10010 10033 515 516 none
7 1615987633732393249 10010 10035 16 516 none
3 1615987633732426018 10010 10033 516 517 none
7 1615987633883526703 10010 10035 16 517 none
3 1615987633883538681 10010 10033 517 518 none
0 1615987635088799191 10010 10036 0 61 none
0 1615987635088806823 10010 10036 0 62 none
2 1615987635088855005 10010 10033 61 61 none
2 1615987635088860722 10010 10033 62 62 none
6 1615987635088864520 10010 10033 61 61 none
6 1615987635088877487 10010 10033 62 62 none
0 1615987640098553944 10010 10036 0 63 none
0 1615987640098566623 10010 10036 0 64 none
2 1615987640098679839 10010 10033 63 63 none
2 1615987640098687960 10010 10033 64 64 none
6 1615987640098693741 10010 10033 63 63 none
6 1615987640098719098 10010 10033 64 64 none
