9 0 9829 9829 11311 3 none
10 0 9829 9829 36449 8 none
10 0 9829 9829 57442 9 none
10 0 9829 9829 39413 10 none
0 1615987474179968599 9829 9829 0 0 none
2 1615987474180002107 9829 9856 0 0 none
1 1615987474178399271 9829 9829 0 0 none
8 0 9829 9857 60506 10 none
8 0 9829 9857 60510 10 none
8 0 9829 9857 33734 8 none
7 1615987474456528005 9829 9856 13 16 none
6 1615987474456582628 9829 9856 35 35 none
8 0 9829 9857 33782 8 none
7 1615987474465835196 9829 9856 11 30 none
6 1615987474465871823 9829 9856 35 35 none
6 1615987474465887213 9829 9856 0 0 none
6 1615987474466460621 9829 9856 1262452736 1262452736 none
6 1615987474467293978 9829 9856 1262452736 1262452736 none
8 0 9829 9857 33148 10 none
8 0 9829 9857 34348 8 none
7 1615987475697042928 9829 9856 14 14 none
6 1615987475697071087 9829 9856 35 35 none
6 1615987475697077326 9829 9856 0 0 none
6 1615987475698245369 9829 9856 1065353216 1065353216 none
