9 0 9758 9758 11311 3 none
10 0 9758 9758 54231 8 none
10 0 9758 9758 54380 9 none
10 0 9758 9758 46303 10 none
8 0 9758 9764 47264 10 none
9 0 9758 9758 33717 13 none
8 0 9758 9764 47300 10 none
9 0 9758 9758 39453 15 none
9 0 9758 9758 35231 16 none
9 0 9758 9758 46643 17 none
9 0 9758 9758 37005 18 none
9 0 9758 9758 44067 19 none
9 0 9758 9758 40501 20 none
9 0 9758 9758 39417 21 none
9 0 9758 9758 39613 22 none
9 0 9758 9758 37109 23 none
9 0 9758 9758 43093 24 none
9 0 9758 9758 39685 13 none
8 0 9758 9764 47382 10 none
9 0 9758 9758 39413 25 none
9 0 9758 9758 37219 26 none
9 0 9758 9758 36997 27 none
9 0 9758 9758 42831 28 none
9 0 9758 9758 35615 29 none
9 0 9758 9758 46709 30 none
9 0 9758 9758 42817 31 none
9 0 9758 9758 43599 32 none
9 0 9758 9758 37931 33 none
9 0 9758 9758 41597 34 none
9 0 9758 9758 34629 35 none
9 0 9758 9758 56531 36 none
7 1615987474346025247 9758 9764 35 35 none
7 1615987474346046269 9758 9764 35 1 none
3 1615987474346068706 9758 9763 1 0 none
4 1615987474346258949 9758 9758 0 1 N13rosgraph_msgs4Log_ISaIvEEE
1 1615987474346262289 9758 9758 1 1 none
7 1615987474346347617 9758 9764 36 39 none
9 0 9758 9758 39123 37 none
5 1615987474350856839 9758 9758 1 0 none
7 1615987474351103466 9758 9764 37 31 none
9 0 9758 9758 55365 38 none
9 0 9758 9758 56785 39 none
7 1615987474351609200 9758 9764 38 15 none
9 0 9758 9758 57813 40 none
7 1615987474351965225 9758 9764 39 25 none
9 0 9758 9758 41217 41 none
7 1615987474352097835 9758 9764 40 39 none
9 0 9758 9758 39691 42 none
7 1615987474352371371 9758 9764 41 34 none
9 0 9758 9758 55739 43 none
7 1615987474352739519 9758 9764 42 33 none
7 1615987474352883516 9758 9764 43 40 none
9 0 9758 9758 38069 15 none
9 0 9758 9758 34805 16 none
9 0 9758 9758 41369 17 none
9 0 9758 9758 40243 18 none
9 0 9758 9758 32811 19 none
9 0 9758 9758 36193 20 none
9 0 9758 9758 44267 21 none
9 0 9758 9758 35401 22 none
9 0 9758 9758 42353 23 none
9 0 9758 9758 37437 44 none
9 0 9758 9758 43199 45 none
9 0 9758 9758 36449 46 none
9 0 9758 9758 42505 47 none
7 1615987474456723828 9758 9764 46 35 none
9 0 9758 9758 53907 48 none
7 1615987474456893370 9758 9764 47 30 none
9 0 9758 9758 40843 49 none
7 1615987474457039043 9758 9764 48 37 none
9 0 9758 9758 51355 50 none
7 1615987474457326241 9758 9764 49 111 none
9 0 9758 9758 53515 51 none
7 1615987474457639058 9758 9764 50 47 none
9 0 9758 9758 47321 52 none
9 0 9758 9758 50187 53 none
7 1615987474458246386 9758 9764 52 119 none
9 0 9758 9758 57413 54 none
9 0 9758 9758 55457 55 none
9 0 9758 9758 54707 56 none
7 1615987474459095193 9758 9764 55 51 none
9 0 9758 9758 46131 13 none
7 1615987474465292398 9758 9764 56 79 none
7 1615987474465311544 9758 9764 54 71 none
7 1615987474465318611 9758 9764 51 69 none
7 1615987474465325632 9758 9764 53 122 none
9 0 9758 9758 34163 25 none
9 0 9758 9758 39509 26 none
7 1615987474478040941 9758 9764 54 0 none
3 1615987474478052380 9758 9763 0 1 none
4 1615987474478075389 9758 9758 1 0 N13rosgraph_msgs4Log_ISaIvEEE
1 1615987474478078737 9758 9758 0 0 none
5 1615987474478110411 9758 9758 0 0 none
9 0 9758 9758 36681 27 none
9 0 9758 9758 43605 28 none
9 0 9758 9758 46803 29 none
9 0 9758 9758 45053 30 none
7 1615987474502128915 9758 9764 47 0 none
3 1615987474502136432 9758 9763 0 2 none
4 1615987474502159454 9758 9758 2 0 N13rosgraph_msgs4Log_ISaIvEEE
1 1615987474502161272 9758 9758 0 0 none
5 1615987474502188144 9758 9758 0 0 none
7 1615987474558918926 9758 9764 43 0 none
3 1615987474558930016 9758 9763 0 3 none
4 1615987474558958847 9758 9758 3 0 N13rosgraph_msgs4Log_ISaIvEEE
1 1615987474558961208 9758 9758 0 0 none
5 1615987474558994119 9758 9758 0 0 none
9 0 9758 9758 41139 31 none
9 0 9758 9758 51725 32 none
9 0 9758 9758 59593 33 none
7 1615987474606638538 9758 9764 31 91 none
9 0 9758 9758 49205 34 none
9 0 9758 9758 38427 57 none
9 0 9758 9758 34881 58 none
7 1615987474607680118 9758 9764 32 62 none
7 1615987474607716627 9758 9764 34 62 none
9 0 9758 9758 36469 59 none
9 0 9758 9758 51213 60 none
9 0 9758 9758 48117 61 none
7 1615987474608789684 9758 9764 58 118 none
7 1615987474608823537 9758 9764 59 78 none
7 1615987474608833090 9758 9764 59 0 none
3 1615987474608840272 9758 9763 0 4 none
4 1615987474608866990 9758 9758 4 0 N13rosgraph_msgs4Log_ISaIvEEE
1 1615987474608869457 9758 9758 0 0 none
5 1615987474608898241 9758 9758 0 0 none
7 1615987474608913436 9758 9764 61 71 none
9 0 9758 9758 53427 62 none
7 1615987474609247956 9758 9764 62 92 none
7 1615987474609257569 9758 9764 60 87 none
7 1615987474610177413 9758 9764 60 0 none
3 1615987474610188791 9758 9763 0 5 none
7 1615987474610205561 9758 9764 60 1 none
3 1615987474610219102 9758 9763 1 6 none
7 1615987474610229638 9758 9764 33 54 none
4 1615987474610231250 9758 9758 5 0 N13rosgraph_msgs4Log_ISaIvEEE
1 1615987474610234319 9758 9758 0 0 none
5 1615987474610260559 9758 9758 0 0 none
4 1615987474610281683 9758 9758 6 1 N13rosgraph_msgs4Log_ISaIvEEE
1 1615987474610282368 9758 9758 1 1 none
5 1615987474610291464 9758 9758 1 0 none
7 1615987474613650538 9758 9764 57 87 none
7 1615987474613665873 9758 9764 57 0 none
3 1615987474613672445 9758 9763 0 7 none
4 1615987474613693898 9758 9758 7 0 N13rosgraph_msgs4Log_ISaIvEEE
1 1615987474613696916 9758 9758 0 0 none
5 1615987474613726261 9758 9758 0 0 none
9 0 9758 9758 34883 63 none
9 0 9758 9758 41237 15 none
7 1615987474635024053 9758 9764 63 93 none
9 0 9758 9758 44425 16 none
9 0 9758 9758 56231 17 none
9 0 9758 9758 40581 18 none
9 0 9758 9758 57071 19 none
9 0 9758 9758 42933 20 none
9 0 9758 9758 56139 21 none
9 0 9758 9758 57835 22 none
9 0 9758 9758 54379 23 none
7 1615987474770231245 9758 9764 21 50 none
7 1615987474770313624 9758 9764 22 31 none
7 1615987474770535605 9758 9764 17 38 none
7 1615987474770937687 9758 9764 20 57 none
7 1615987474771271376 9758 9764 23 34 none
7 1615987474771580247 9758 9764 19 87 none
7 1615987474771955590 9758 9764 18 50 none
7 1615987474792546612 9758 9764 18 0 none
3 1615987474792555866 9758 9763 0 8 none
4 1615987474792578079 9758 9758 8 0 N13rosgraph_msgs4Log_ISaIvEEE
1 1615987474792580104 9758 9758 0 0 none
5 1615987474792612335 9758 9758 0 0 none
7 1615987474809476324 9758 9764 50 0 none
3 1615987474809494732 9758 9763 0 9 none
4 1615987474809521788 9758 9758 9 0 N13rosgraph_msgs4Log_ISaIvEEE
1 1615987474809524313 9758 9758 0 0 none
5 1615987474809572642 9758 9758 0 0 none
7 1615987474809595562 9758 9764 62 0 none
3 1615987474809598843 9758 9763 0 10 none
4 1615987474809608674 9758 9758 10 0 N13rosgraph_msgs4Log_ISaIvEEE
1 1615987474809609498 9758 9758 0 0 none
5 1615987474809621481 9758 9758 0 0 none
9 0 9758 9758 45159 13 none
9 0 9758 9758 37787 25 none
7 1615987474877866492 9758 9764 13 62 none
7 1615987474877887116 9758 9764 25 14 none
7 1615987474877893174 9758 9764 25 0 none
3 1615987474877899898 9758 9763 0 11 none
4 1615987474877932092 9758 9758 11 0 N13rosgraph_msgs4Log_ISaIvEEE
1 1615987474877935299 9758 9758 0 0 none
5 1615987474877969553 9758 9758 0 0 none
9 0 9758 9758 45005 15 none
7 1615987475444624572 9758 9764 25 1 none
3 1615987475444634856 9758 9763 1 12 none
4 1615987475444655321 9758 9758 12 1 N13rosgraph_msgs4Log_ISaIvEEE
1 1615987475444657097 9758 9758 1 1 none
5 1615987475444687690 9758 9758 1 0 none
7 1615987475444699393 9758 9764 25 2 none
3 1615987475444702964 9758 9763 2 13 none
4 1615987475444712732 9758 9758 13 2 N13rosgraph_msgs4Log_ISaIvEEE
1 1615987475444713446 9758 9758 2 2 none
5 1615987475444723192 9758 9758 2 0 none
9 0 9758 9758 41217 16 none
9 0 9758 9758 41145 16 none
7 1615987475596998442 9758 9764 16 29 none
7 1615987475597536824 9758 9764 16 1 none
3 1615987475597543322 9758 9763 1 14 none
4 1615987475597562260 9758 9758 14 1 N13rosgraph_msgs4Log_ISaIvEEE
1 1615987475597564425 9758 9758 1 1 none
5 1615987475597587949 9758 9758 1 0 none
9 0 9758 9758 41217 15 none
9 0 9758 9758 46329 15 none
9 0 9758 9758 36865 26 none
7 1615987475809007726 9758 9764 54 1 none
3 1615987475809020204 9758 9763 1 15 none
4 1615987475809043025 9758 9758 15 1 N13rosgraph_msgs4Log_ISaIvEEE
1 1615987475809045792 9758 9758 1 1 none
5 1615987475809076334 9758 9758 1 0 none
9 0 9758 9758 45187 27 none
7 1615987475898452216 9758 9764 27 16 none
7 1615987475966166182 9758 9764 60 2 none
3 1615987475966177322 9758 9763 2 16 none
4 1615987475966202968 9758 9758 16 2 N13rosgraph_msgs4Log_ISaIvEEE
1 1615987475966205779 9758 9758 2 2 none
5 1615987475966239677 9758 9758 2 0 none
9 0 9758 9758 44687 15 none
7 1615987475999281072 9758 9764 15 16 none
7 1615987475999690067 9758 9764 15 1 none
3 1615987475999696846 9758 9763 1 17 none
4 1615987475999711999 9758 9758 17 1 N13rosgraph_msgs4Log_ISaIvEEE
1 1615987475999714777 9758 9758 1 1 none
5 1615987475999732840 9758 9758 1 0 none
9 0 9758 9758 41217 26 none
9 0 9758 9758 41217 26 none
7 1615987477091958672 9758 9764 35 2 none
3 1615987477091963867 9758 9763 2 18 none
4 1615987477091977282 9758 9758 18 2 N13rosgraph_msgs4Log_ISaIvEEE
1 1615987477091979119 9758 9758 2 2 none
5 1615987477091996375 9758 9758 2 0 none
9 0 9758 9758 41217 26 none
7 1615987479587272352 9758 9764 60 3 none
3 1615987479587301274 9758 9763 3 19 none
4 1615987479587363686 9758 9758 19 3 N13rosgraph_msgs4Log_ISaIvEEE
1 1615987479587372369 9758 9758 3 3 none
5 1615987479587450243 9758 9758 3 0 none
7 1615987479598854311 9758 9764 57 1 none
3 1615987479598879288 9758 9763 1 20 none
4 1615987479598938459 9758 9758 20 1 N13rosgraph_msgs4Log_ISaIvEEE
1 1615987479598947207 9758 9758 1 1 none
5 1615987479599036123 9758 9758 1 0 none
7 1615987479742910341 9758 9764 34 0 none
3 1615987479742915340 9758 9763 0 21 none
4 1615987479742929100 9758 9758 21 0 N13rosgraph_msgs4Log_ISaIvEEE
1 1615987479742931054 9758 9758 0 0 none
5 1615987479742952900 9758 9758 0 0 none
7 1615987479750673311 9758 9764 20 0 none
3 1615987479750677092 9758 9763 0 22 none
4 1615987479750689220 9758 9758 22 0 N13rosgraph_msgs4Log_ISaIvEEE
1 1615987479750706653 9758 9758 0 0 none
5 1615987479750734230 9758 9758 0 0 none
7 1615987479833489968 9758 9764 50 1 none
3 1615987479833495040 9758 9763 1 23 none
4 1615987479833508095 9758 9758 23 1 N13rosgraph_msgs4Log_ISaIvEEE
1 1615987479833509959 9758 9758 1 1 none
5 1615987479833529429 9758 9758 1 0 none
7 1615987479834039721 9758 9764 18 1 none
3 1615987479834043312 9758 9763 1 24 none
4 1615987479834051600 9758 9758 24 1 N13rosgraph_msgs4Log_ISaIvEEE
1 1615987479834052337 9758 9758 1 1 none
5 1615987479834075184 9758 9758 1 0 none
7 1615987480092392720 9758 9764 35 3 none
3 1615987480092418029 9758 9763 3 25 none
4 1615987480092519368 9758 9758 25 3 N13rosgraph_msgs4Log_ISaIvEEE
1 1615987480092528596 9758 9758 3 3 none
5 1615987480092612852 9758 9758 3 0 none
7 1615987480996628008 9758 9764 60 4 none
3 1615987480996632488 9758 9763 4 26 none
4 1615987480996644751 9758 9758 26 4 N13rosgraph_msgs4Log_ISaIvEEE
1 1615987480996646818 9758 9758 4 4 none
5 1615987480996670425 9758 9758 4 0 none
9 0 9758 9758 41217 26 none
7 1615987483111963287 9758 9764 35 4 none
3 1615987483111970702 9758 9763 4 27 none
4 1615987483111985622 9758 9758 27 4 N13rosgraph_msgs4Log_ISaIvEEE
1 1615987483111987864 9758 9758 4 4 none
5 1615987483112009827 9758 9758 4 0 none
7 1615987484605643918 9758 9764 57 2 none
3 1615987484605651011 9758 9763 2 28 none
4 1615987484605703043 9758 9758 28 2 N13rosgraph_msgs4Log_ISaIvEEE
1 1615987484605705190 9758 9758 2 2 none
5 1615987484605728785 9758 9758 2 0 none
7 1615987484623294097 9758 9764 60 5 none
3 1615987484623301524 9758 9763 5 29 none
4 1615987484623343445 9758 9758 29 5 N13rosgraph_msgs4Log_ISaIvEEE
1 1615987484623345818 9758 9758 5 5 none
5 1615987484623368806 9758 9758 5 0 none
7 1615987484752540131 9758 9764 34 1 none
3 1615987484752548336 9758 9763 1 30 none
4 1615987484752569755 9758 9758 30 1 N13rosgraph_msgs4Log_ISaIvEEE
1 1615987484752572856 9758 9758 1 1 none
5 1615987484752604791 9758 9758 1 0 none
7 1615987484760070608 9758 9764 20 1 none
3 1615987484760080442 9758 9763 1 31 none
7 1615987484760095482 9758 9764 20 2 none
3 1615987484760097368 9758 9763 2 32 none
4 1615987484760143079 9758 9758 31 1 N13rosgraph_msgs4Log_ISaIvEEE
1 1615987484760146419 9758 9758 1 1 none
5 1615987484760181139 9758 9758 1 0 none
4 1615987484760187145 9758 9758 32 2 N13rosgraph_msgs4Log_ISaIvEEE
1 1615987484760187817 9758 9758 2 2 none
5 1615987484760197378 9758 9758 2 0 none
7 1615987484842978535 9758 9764 18 2 none
3 1615987484842987156 9758 9763 2 33 none
4 1615987484843008870 9758 9758 33 2 N13rosgraph_msgs4Log_ISaIvEEE
1 1615987484843011420 9758 9758 2 2 none
5 1615987484843043807 9758 9758 2 0 none
7 1615987484869230816 9758 9764 50 2 none
3 1615987484869316004 9758 9763 2 34 none
4 1615987484869425183 9758 9758 34 2 N13rosgraph_msgs4Log_ISaIvEEE
1 1615987484869434601 9758 9758 2 2 none
5 1615987484869516592 9758 9758 2 0 none
7 1615987486032604111 9758 9764 60 6 none
3 1615987486032612461 9758 9763 6 35 none
4 1615987486032660678 9758 9758 35 6 N13rosgraph_msgs4Log_ISaIvEEE
1 1615987486032663373 9758 9758 6 6 none
5 1615987486032689350 9758 9758 6 0 none
7 1615987486112353248 9758 9764 35 5 none
3 1615987486112379219 9758 9763 5 36 none
4 1615987486112492791 9758 9758 36 5 N13rosgraph_msgs4Log_ISaIvEEE
1 1615987486112502112 9758 9758 5 5 none
5 1615987486112586648 9758 9758 5 0 none
9 0 9758 9758 41217 26 none
7 1615987489132452710 9758 9764 35 6 none
3 1615987489132478568 9758 9763 6 37 none
4 1615987489132583004 9758 9758 37 6 N13rosgraph_msgs4Log_ISaIvEEE
1 1615987489132593033 9758 9758 6 6 none
5 1615987489132682947 9758 9758 6 0 none
7 1615987489613718609 9758 9764 57 3 none
3 1615987489613740722 9758 9763 3 38 none
4 1615987489613822430 9758 9758 38 3 N13rosgraph_msgs4Log_ISaIvEEE
1 1615987489613828805 9758 9758 3 3 none
5 1615987489613892126 9758 9758 3 0 none
7 1615987489660818930 9758 9764 60 7 none
3 1615987489660849794 9758 9763 7 39 none
4 1615987489660976380 9758 9758 39 7 N13rosgraph_msgs4Log_ISaIvEEE
1 1615987489660985986 9758 9758 7 7 none
5 1615987489661102456 9758 9758 7 0 none
7 1615987489763729025 9758 9764 34 2 none
3 1615987489763741208 9758 9763 2 40 none
4 1615987489763772580 9758 9758 40 2 N13rosgraph_msgs4Log_ISaIvEEE
1 1615987489763776771 9758 9758 2 2 none
5 1615987489763836305 9758 9758 2 0 none
7 1615987489770363860 9758 9764 20 3 none
3 1615987489770380843 9758 9763 3 41 none
7 1615987489770399137 9758 9764 20 4 none
3 1615987489770401428 9758 9763 4 42 none
4 1615987489770459241 9758 9758 41 3 N13rosgraph_msgs4Log_ISaIvEEE
1 1615987489770464565 9758 9758 3 3 none
5 1615987489770513666 9758 9758 3 0 none
4 1615987489770522653 9758 9758 42 4 N13rosgraph_msgs4Log_ISaIvEEE
1 1615987489770523671 9758 9758 4 4 none
5 1615987489770538276 9758 9758 4 0 none
7 1615987489854010693 9758 9764 18 3 none
3 1615987489854034894 9758 9763 3 43 none
4 1615987489854133629 9758 9758 43 3 N13rosgraph_msgs4Log_ISaIvEEE
1 1615987489854142650 9758 9758 3 3 none
5 1615987489854225480 9758 9758 3 0 none
7 1615987489884118440 9758 9764 50 3 none
3 1615987489884125482 9758 9763 3 44 none
4 1615987489884171610 9758 9758 44 3 N13rosgraph_msgs4Log_ISaIvEEE
1 1615987489884173806 9758 9758 3 3 none
5 1615987489884194950 9758 9758 3 0 none
7 1615987491070640216 9758 9764 60 8 none
3 1615987491070645663 9758 9763 8 45 none
4 1615987491070705126 9758 9758 45 8 N13rosgraph_msgs4Log_ISaIvEEE
1 1615987491070706973 9758 9758 8 8 none
5 1615987491070725428 9758 9758 8 0 none
7 1615987492152325270 9758 9764 35 7 none
3 1615987492152347888 9758 9763 7 46 none
4 1615987492152452436 9758 9758 46 7 N13rosgraph_msgs4Log_ISaIvEEE
1 1615987492152461382 9758 9758 7 7 none
5 1615987492152545300 9758 9758 7 0 none
7 1615987494620788412 9758 9764 57 4 none
3 1615987494620816738 9758 9763 4 47 none
4 1615987494620918902 9758 9758 47 4 N13rosgraph_msgs4Log_ISaIvEEE
1 1615987494620927950 9758 9758 4 4 none
5 1615987494621035543 9758 9758 4 0 none
7 1615987494702850821 9758 9764 60 9 none
3 1615987494702877797 9758 9763 9 48 none
4 1615987494702944314 9758 9758 48 9 N13rosgraph_msgs4Log_ISaIvEEE
1 1615987494702954203 9758 9758 9 9 none
5 1615987494703037477 9758 9758 9 0 none
7 1615987494774974146 9758 9764 34 3 none
3 1615987494774997688 9758 9763 3 49 none
4 1615987494775098364 9758 9758 49 3 N13rosgraph_msgs4Log_ISaIvEEE
1 1615987494775107606 9758 9758 3 3 none
5 1615987494775195714 9758 9758 3 0 none
7 1615987494781034381 9758 9764 20 5 none
3 1615987494781059656 9758 9763 5 50 none
7 1615987494781098860 9758 9764 20 6 none
3 1615987494781104120 9758 9763 6 51 none
4 1615987494781174334 9758 9758 50 5 N13rosgraph_msgs4Log_ISaIvEEE
1 1615987494781184254 9758 9758 5 5 none
5 1615987494781287544 9758 9758 5 0 none
4 1615987494781310524 9758 9758 51 6 N13rosgraph_msgs4Log_ISaIvEEE
1 1615987494781313108 9758 9758 6 6 none
5 1615987494781350244 9758 9758 6 0 none
7 1615987494866293148 9758 9764 18 4 none
3 1615987494866318085 9758 9763 4 52 none
4 1615987494866402687 9758 9758 52 4 N13rosgraph_msgs4Log_ISaIvEEE
1 1615987494866413815 9758 9758 4 4 none
5 1615987494866519027 9758 9758 4 0 none
7 1615987494897991563 9758 9764 50 4 none
3 1615987494897999320 9758 9763 4 53 none
4 1615987494898033090 9758 9758 53 4 N13rosgraph_msgs4Log_ISaIvEEE
1 1615987494898036196 9758 9758 4 4 none
5 1615987494898066771 9758 9758 4 0 none
7 1615987495152332485 9758 9764 35 8 none
3 1615987495152354514 9758 9763 8 54 none
4 1615987495152432632 9758 9758 54 8 N13rosgraph_msgs4Log_ISaIvEEE
1 1615987495152443282 9758 9758 8 8 none
5 1615987495152546447 9758 9758 8 0 none
7 1615987496114132851 9758 9764 60 10 none
3 1615987496114158193 9758 9763 10 55 none
4 1615987496114233162 9758 9758 55 10 N13rosgraph_msgs4Log_ISaIvEEE
1 1615987496114242575 9758 9758 10 10 none
5 1615987496114356378 9758 9758 10 0 none
7 1615987498172002301 9758 9764 35 9 none
3 1615987498172007904 9758 9763 9 56 none
4 1615987498172021909 9758 9758 56 9 N13rosgraph_msgs4Log_ISaIvEEE
1 1615987498172024091 9758 9758 9 9 none
5 1615987498172043810 9758 9758 9 0 none
7 1615987499628863342 9758 9764 57 5 none
3 1615987499628889854 9758 9763 5 57 none
4 1615987499628961378 9758 9758 57 5 N13rosgraph_msgs4Log_ISaIvEEE
1 1615987499628972168 9758 9758 5 5 none
5 1615987499629060540 9758 9758 5 0 none
7 1615987499745338486 9758 9764 60 11 none
3 1615987499745371200 9758 9763 11 58 none
4 1615987499745442781 9758 9758 58 11 N13rosgraph_msgs4Log_ISaIvEEE
1 1615987499745452602 9758 9758 11 11 none
5 1615987499745539021 9758 9758 11 0 none
7 1615987499785671177 9758 9764 34 4 none
3 1615987499785697895 9758 9763 4 59 none
4 1615987499785767197 9758 9758 59 4 N13rosgraph_msgs4Log_ISaIvEEE
1 1615987499785775739 9758 9758 4 4 none
5 1615987499785863378 9758 9758 4 0 none
7 1615987499792560098 9758 9764 20 7 none
3 1615987499792587912 9758 9763 7 60 none
7 1615987499792627675 9758 9764 20 8 none
3 1615987499792636308 9758 9763 8 61 none
4 1615987499792669850 9758 9758 60 7 N13rosgraph_msgs4Log_ISaIvEEE
1 1615987499792679628 9758 9758 7 7 none
5 1615987499792765844 9758 9758 7 0 none
4 1615987499792794024 9758 9758 61 8 N13rosgraph_msgs4Log_ISaIvEEE
1 1615987499792797166 9758 9758 8 8 none
5 1615987499792856745 9758 9758 8 0 none
7 1615987499877393977 9758 9764 18 5 none
3 1615987499877423822 9758 9763 5 62 none
4 1615987499877490916 9758 9758 62 5 N13rosgraph_msgs4Log_ISaIvEEE
1 1615987499877499857 9758 9758 5 5 none
5 1615987499877582757 9758 9758 5 0 none
7 1615987499920427890 9758 9764 50 5 none
3 1615987499920452039 9758 9763 5 63 none
4 1615987499920520051 9758 9758 63 5 N13rosgraph_msgs4Log_ISaIvEEE
1 1615987499920530378 9758 9758 5 5 none
5 1615987499920613596 9758 9758 5 0 none
9 0 9758 9758 41217 26 none
7 1615987501157675835 9758 9764 60 12 none
3 1615987501157702518 9758 9763 12 64 none
4 1615987501157776241 9758 9758 64 12 N13rosgraph_msgs4Log_ISaIvEEE
1 1615987501157785567 9758 9758 12 12 none
5 1615987501157869775 9758 9758 12 0 none
7 1615987501172293023 9758 9764 35 10 none
3 1615987501172317508 9758 9763 10 65 none
4 1615987501172386052 9758 9758 65 10 N13rosgraph_msgs4Log_ISaIvEEE
1 1615987501172396170 9758 9758 10 10 none
5 1615987501172480245 9758 9758 10 0 none
7 1615987504192384823 9758 9764 35 11 none
3 1615987504192411097 9758 9763 11 66 none
4 1615987504192487429 9758 9758 66 11 N13rosgraph_msgs4Log_ISaIvEEE
1 1615987504192497042 9758 9758 11 11 none
5 1615987504192600915 9758 9758 11 0 none
7 1615987504636800489 9758 9764 57 6 none
3 1615987504636828997 9758 9763 6 67 none
4 1615987504636905683 9758 9758 67 6 N13rosgraph_msgs4Log_ISaIvEEE
1 1615987504636915087 9758 9758 6 6 none
5 1615987504636998127 9758 9758 6 0 none
7 1615987504782562328 9758 9764 60 13 none
3 1615987504782587836 9758 9763 13 68 none
4 1615987504782685293 9758 9758 68 13 N13rosgraph_msgs4Log_ISaIvEEE
1 1615987504782694414 9758 9758 13 13 none
5 1615987504782774499 9758 9758 13 0 none
7 1615987504796668037 9758 9764 34 5 none
3 1615987504796690663 9758 9763 5 69 none
4 1615987504796767326 9758 9758 69 5 N13rosgraph_msgs4Log_ISaIvEEE
1 1615987504796777235 9758 9758 5 5 none
5 1615987504796893323 9758 9758 5 0 none
7 1615987504804128724 9758 9764 20 9 none
3 1615987504804149323 9758 9763 9 70 none
7 1615987504804184816 9758 9764 20 10 none
3 1615987504804190580 9758 9763 10 71 none
4 1615987504804234669 9758 9758 70 9 N13rosgraph_msgs4Log_ISaIvEEE
1 1615987504804243479 9758 9758 9 9 none
5 1615987504804314238 9758 9758 9 0 none
4 1615987504804333588 9758 9758 71 10 N13rosgraph_msgs4Log_ISaIvEEE
1 1615987504804335639 9758 9758 10 10 none
5 1615987504804364699 9758 9758 10 0 none
7 1615987504888694628 9758 9764 18 6 none
3 1615987504888704972 9758 9763 6 72 none
4 1615987504888756383 9758 9758 72 6 N13rosgraph_msgs4Log_ISaIvEEE
1 1615987504888759342 9758 9758 6 6 none
5 1615987504888792095 9758 9758 6 0 none
7 1615987504934348373 9758 9764 50 6 none
3 1615987504934353511 9758 9763 6 73 none
4 1615987504934368077 9758 9758 73 6 N13rosgraph_msgs4Log_ISaIvEEE
1 1615987504934370060 9758 9758 6 6 none
5 1615987504934391774 9758 9758 6 0 none
7 1615987506194334779 9758 9764 60 14 none
3 1615987506194359363 9758 9763 14 74 none
4 1615987506194455090 9758 9758 74 14 N13rosgraph_msgs4Log_ISaIvEEE
1 1615987506194464135 9758 9758 14 14 none
5 1615987506194543235 9758 9758 14 0 none
7 1615987507192453909 9758 9764 35 12 none
3 1615987507192479522 9758 9763 12 75 none
4 1615987507192590089 9758 9758 75 12 N13rosgraph_msgs4Log_ISaIvEEE
1 1615987507192599154 9758 9758 12 12 none
5 1615987507192684097 9758 9758 12 0 none
7 1615987509645811991 9758 9764 57 7 none
3 1615987509645837399 9758 9763 7 76 none
4 1615987509645924302 9758 9758 76 7 N13rosgraph_msgs4Log_ISaIvEEE
1 1615987509645935406 9758 9758 7 7 none
5 1615987509646064330 9758 9758 7 0 none
7 1615987509808227697 9758 9764 34 6 none
3 1615987509808253117 9758 9763 6 77 none
4 1615987509808358603 9758 9758 77 6 N13rosgraph_msgs4Log_ISaIvEEE
1 1615987509808367793 9758 9758 6 6 none
5 1615987509808456242 9758 9758 6 0 none
7 1615987509815827552 9758 9764 20 11 none
3 1615987509815833755 9758 9763 11 78 none
7 1615987509815840964 9758 9764 20 12 none
3 1615987509815842099 9758 9763 12 79 none
4 1615987509815885272 9758 9758 78 11 N13rosgraph_msgs4Log_ISaIvEEE
1 1615987509815887381 9758 9758 11 11 none
5 1615987509815906799 9758 9758 11 0 none
4 1615987509815910031 9758 9758 79 12 N13rosgraph_msgs4Log_ISaIvEEE
1 1615987509815910399 9758 9758 12 12 none
5 1615987509815915802 9758 9758 12 0 none
7 1615987509821128520 9758 9764 60 15 none
3 1615987509821132963 9758 9763 15 80 none
4 1615987509821144408 9758 9758 80 15 N13rosgraph_msgs4Log_ISaIvEEE
1 1615987509821145935 9758 9758 15 15 none
5 1615987509821159852 9758 9758 15 0 none
7 1615987509899757380 9758 9764 18 7 none
3 1615987509899762204 9758 9763 7 81 none
4 1615987509899803179 9758 9758 81 7 N13rosgraph_msgs4Log_ISaIvEEE
1 1615987509899804983 9758 9758 7 7 none
5 1615987509899825490 9758 9758 7 0 none
7 1615987509953163582 9758 9764 50 7 none
3 1615987509953173156 9758 9763 7 82 none
4 1615987509953193866 9758 9758 82 7 N13rosgraph_msgs4Log_ISaIvEEE
1 1615987509953196483 9758 9758 7 7 none
5 1615987509953223314 9758 9758 7 0 none
7 1615987510212169713 9758 9764 35 13 none
3 1615987510212181936 9758 9763 13 83 none
4 1615987510212240821 9758 9758 83 13 N13rosgraph_msgs4Log_ISaIvEEE
1 1615987510212245383 9758 9758 13 13 none
5 1615987510212303813 9758 9758 13 0 none
7 1615987511231400701 9758 9764 60 16 none
3 1615987511231426302 9758 9763 16 84 none
4 1615987511231531619 9758 9758 84 16 N13rosgraph_msgs4Log_ISaIvEEE
1 1615987511231540766 9758 9758 16 16 none
5 1615987511231628635 9758 9758 16 0 none
7 1615987513231907162 9758 9764 35 14 none
3 1615987513231913145 9758 9763 14 85 none
4 1615987513231957183 9758 9758 85 14 N13rosgraph_msgs4Log_ISaIvEEE
1 1615987513231959664 9758 9758 14 14 none
5 1615987513231979455 9758 9758 14 0 none
7 1615987514653911020 9758 9764 57 8 none
3 1615987514653936093 9758 9763 8 86 none
4 1615987514654035697 9758 9758 86 8 N13rosgraph_msgs4Log_ISaIvEEE
1 1615987514654044975 9758 9758 8 8 none
5 1615987514654130257 9758 9758 8 0 none
7 1615987514818637205 9758 9764 34 7 none
3 1615987514818662905 9758 9763 7 87 none
4 1615987514818771021 9758 9758 87 7 N13rosgraph_msgs4Log_ISaIvEEE
1 1615987514818780049 9758 9758 7 7 none
5 1615987514818868951 9758 9758 7 0 none
7 1615987514826595510 9758 9764 20 13 none
3 1615987514826615828 9758 9763 13 88 none
7 1615987514826649030 9758 9764 20 14 none
3 1615987514826654912 9758 9763 14 89 none
4 1615987514826720019 9758 9758 88 13 N13rosgraph_msgs4Log_ISaIvEEE
1 1615987514826728573 9758 9758 13 13 none
5 1615987514826800258 9758 9758 13 0 none
4 1615987514826816410 9758 9758 89 14 N13rosgraph_msgs4Log_ISaIvEEE
1 1615987514826818550 9758 9758 14 14 none
5 1615987514826846897 9758 9758 14 0 none
7 1615987514856209510 9758 9764 60 17 none
3 1615987514856217013 9758 9763 17 90 none
4 1615987514856258270 9758 9758 90 17 N13rosgraph_msgs4Log_ISaIvEEE
1 1615987514856260447 9758 9758 17 17 none
5 1615987514856289365 9758 9758 17 0 none
7 1615987514910377919 9758 9764 18 8 none
3 1615987514910404407 9758 9763 8 91 none
4 1615987514910502922 9758 9758 91 8 N13rosgraph_msgs4Log_ISaIvEEE
1 1615987514910512243 9758 9758 8 8 none
5 1615987514910595919 9758 9758 8 0 none
7 1615987514975372724 9758 9764 50 8 none
3 1615987514975398528 9758 9763 8 92 none
4 1615987514975504583 9758 9758 92 8 N13rosgraph_msgs4Log_ISaIvEEE
1 1615987514975513785 9758 9758 8 8 none
5 1615987514975595029 9758 9758 8 0 none
7 1615987516232497942 9758 9764 35 15 none
3 1615987516232523555 9758 9763 15 93 none
4 1615987516232641156 9758 9758 93 15 N13rosgraph_msgs4Log_ISaIvEEE
1 1615987516232650741 9758 9758 15 15 none
5 1615987516232738276 9758 9758 15 0 none
7 1615987516268788241 9758 9764 60 18 none
3 1615987516268814428 9758 9763 18 94 none
4 1615987516268922839 9758 9758 94 18 N13rosgraph_msgs4Log_ISaIvEEE
1 1615987516268932031 9758 9758 18 18 none
5 1615987516269012739 9758 9758 18 0 none
7 1615987519252335578 9758 9764 35 16 none
3 1615987519252359511 9758 9763 16 95 none
4 1615987519252461544 9758 9758 95 16 N13rosgraph_msgs4Log_ISaIvEEE
1 1615987519252470378 9758 9758 16 16 none
5 1615987519252555796 9758 9758 16 0 none
7 1615987519662532131 9758 9764 57 9 none
3 1615987519662537420 9758 9763 9 96 none
4 1615987519662550016 9758 9758 96 9 N13rosgraph_msgs4Log_ISaIvEEE
1 1615987519662552220 9758 9758 9 9 none
5 1615987519662576110 9758 9758 9 0 none
7 1615987519829800029 9758 9764 34 8 none
3 1615987519829823891 9758 9763 8 97 none
4 1615987519829923253 9758 9758 97 8 N13rosgraph_msgs4Log_ISaIvEEE
1 1615987519829932175 9758 9758 8 8 none
5 1615987519830037510 9758 9758 8 0 none
7 1615987519838099647 9758 9764 20 15 none
3 1615987519838125976 9758 9763 15 98 none
7 1615987519838167117 9758 9764 20 16 none
3 1615987519838172820 9758 9763 16 99 none
4 1615987519838229694 9758 9758 98 15 N13rosgraph_msgs4Log_ISaIvEEE
1 1615987519838239028 9758 9758 15 15 none
5 1615987519838320201 9758 9758 15 0 none
4 1615987519838336047 9758 9758 99 16 N13rosgraph_msgs4Log_ISaIvEEE
1 1615987519838337969 9758 9758 16 16 none
5 1615987519838365673 9758 9758 16 0 none
7 1615987519894648566 9758 9764 60 19 none
3 1615987519894655228 9758 9763 19 100 none
4 1615987519894696998 9758 9758 100 19 N13rosgraph_msgs4Log_ISaIvEEE
1 1615987519894699149 9758 9758 19 19 none
5 1615987519894720182 9758 9758 19 0 none
7 1615987519921500444 9758 9764 18 9 none
3 1615987519921505669 9758 9763 9 101 none
4 1615987519921520616 9758 9758 101 9 N13rosgraph_msgs4Log_ISaIvEEE
1 1615987519921522666 9758 9758 9 9 none
5 1615987519921544368 9758 9758 9 0 none
7 1615987519990865477 9758 9764 50 9 none
3 1615987519990875152 9758 9763 9 102 none
4 1615987519990923044 9758 9758 102 9 N13rosgraph_msgs4Log_ISaIvEEE
1 1615987519990925560 9758 9758 9 9 none
5 1615987519990953250 9758 9758 9 0 none
9 0 9758 9758 41217 26 none
7 1615987521307281308 9758 9764 60 20 none
3 1615987521307290401 9758 9763 20 103 none
4 1615987521307338710 9758 9758 103 20 N13rosgraph_msgs4Log_ISaIvEEE
1 1615987521307341178 9758 9758 20 20 none
5 1615987521307367951 9758 9758 20 0 none
7 1615987522252379624 9758 9764 35 17 none
3 1615987522252405398 9758 9763 17 104 none
4 1615987522252514255 9758 9758 104 17 N13rosgraph_msgs4Log_ISaIvEEE
1 1615987522252523100 9758 9758 17 17 none
5 1615987522252604099 9758 9758 17 0 none
7 1615987524671387184 9758 9764 57 10 none
3 1615987524671415938 9758 9763 10 105 none
4 1615987524671517104 9758 9758 105 10 N13rosgraph_msgs4Log_ISaIvEEE
1 1615987524671526584 9758 9758 10 10 none
5 1615987524671634715 9758 9758 10 0 none
7 1615987524841470650 9758 9764 34 9 none
3 1615987524841496195 9758 9763 9 106 none
4 1615987524841606806 9758 9758 106 9 N13rosgraph_msgs4Log_ISaIvEEE
1 1615987524841616112 9758 9758 9 9 none
5 1615987524841705156 9758 9758 9 0 none
7 1615987524850234769 9758 9764 20 17 none
3 1615987524850259668 9758 9763 17 107 none
7 1615987524850295862 9758 9764 20 18 none
3 1615987524850302008 9758 9763 18 108 none
4 1615987524850359942 9758 9758 107 17 N13rosgraph_msgs4Log_ISaIvEEE
1 1615987524850369198 9758 9758 17 17 none
5 1615987524850451291 9758 9758 17 0 none
4 1615987524850467917 9758 9758 108 18 N13rosgraph_msgs4Log_ISaIvEEE
1 1615987524850469780 9758 9758 18 18 none
5 1615987524850497962 9758 9758 18 0 none
7 1615987524933189710 9758 9764 18 10 none
3 1615987524933195354 9758 9763 10 109 none
4 1615987524933208260 9758 9758 109 10 N13rosgraph_msgs4Log_ISaIvEEE
1 1615987524933210196 9758 9758 10 10 none
5 1615987524933231072 9758 9758 10 0 none
7 1615987524936254361 9758 9764 60 21 none
3 1615987524936258002 9758 9763 21 110 none
4 1615987524936267197 9758 9758 110 21 N13rosgraph_msgs4Log_ISaIvEEE
1 1615987524936268375 9758 9758 21 21 none
5 1615987524936278796 9758 9758 21 0 none
7 1615987525010229852 9758 9764 50 10 none
3 1615987525010235012 9758 9763 10 111 none
4 1615987525010248451 9758 9758 111 10 N13rosgraph_msgs4Log_ISaIvEEE
1 1615987525010266936 9758 9758 10 10 none
5 1615987525010288554 9758 9758 10 0 none
7 1615987525272364692 9758 9764 35 18 none
3 1615987525272388817 9758 9763 18 112 none
4 1615987525272456593 9758 9758 112 18 N13rosgraph_msgs4Log_ISaIvEEE
1 1615987525272465789 9758 9758 18 18 none
5 1615987525272565392 9758 9758 18 0 none
7 1615987526348319536 9758 9764 60 22 none
3 1615987526348345924 9758 9763 22 113 none
4 1615987526348446683 9758 9758 113 22 N13rosgraph_msgs4Log_ISaIvEEE
1 1615987526348455877 9758 9758 22 22 none
5 1615987526348541615 9758 9758 22 0 none
7 1615987528272321887 9758 9764 35 19 none
3 1615987528272347022 9758 9763 19 114 none
4 1615987528272446983 9758 9758 114 19 N13rosgraph_msgs4Log_ISaIvEEE
1 1615987528272456587 9758 9758 19 19 none
5 1615987528272545583 9758 9758 19 0 none
7 1615987529679461522 9758 9764 57 11 none
3 1615987529679485937 9758 9763 11 115 none
4 1615987529679583304 9758 9758 115 11 N13rosgraph_msgs4Log_ISaIvEEE
1 1615987529679592474 9758 9758 11 11 none
5 1615987529679675915 9758 9758 11 0 none
7 1615987529852573031 9758 9764 34 10 none
3 1615987529852580979 9758 9763 10 116 none
4 1615987529852626440 9758 9758 116 10 N13rosgraph_msgs4Log_ISaIvEEE
1 1615987529852628733 9758 9758 10 10 none
5 1615987529852650765 9758 9758 10 0 none
7 1615987529861260223 9758 9764 20 19 none
3 1615987529861292505 9758 9763 19 117 none
7 1615987529861299888 9758 9764 20 20 none
3 1615987529861301909 9758 9763 20 118 none
4 1615987529861353326 9758 9758 117 19 N13rosgraph_msgs4Log_ISaIvEEE
1 1615987529861354806 9758 9758 19 19 none
5 1615987529861367312 9758 9758 19 0 none
4 1615987529861370569 9758 9758 118 20 N13rosgraph_msgs4Log_ISaIvEEE
1 1615987529861371048 9758 9758 20 20 none
5 1615987529861381833 9758 9758 20 0 none
7 1615987529945369769 9758 9764 18 11 none
3 1615987529945375865 9758 9763 11 119 none
4 1615987529945392500 9758 9758 119 11 N13rosgraph_msgs4Log_ISaIvEEE
1 1615987529945395102 9758 9758 11 11 none
5 1615987529945421903 9758 9758 11 0 none
7 1615987529975610617 9758 9764 60 23 none
3 1615987529975615918 9758 9763 23 120 none
4 1615987529975659356 9758 9758 120 23 N13rosgraph_msgs4Log_ISaIvEEE
1 1615987529975661338 9758 9758 23 23 none
5 1615987529975680291 9758 9758 23 0 none
7 1615987530028291161 9758 9764 50 11 none
3 1615987530028296346 9758 9763 11 121 none
4 1615987530028340034 9758 9758 121 11 N13rosgraph_msgs4Log_ISaIvEEE
1 1615987530028342035 9758 9758 11 11 none
5 1615987530028362314 9758 9758 11 0 none
7 1615987531292037856 9758 9764 35 20 none
3 1615987531292045998 9758 9763 20 122 none
4 1615987531292090500 9758 9758 122 20 N13rosgraph_msgs4Log_ISaIvEEE
1 1615987531292092849 9758 9758 20 20 none
5 1615987531292118612 9758 9758 20 0 none
7 1615987531385377048 9758 9764 60 24 none
3 1615987531385384500 9758 9763 24 123 none
4 1615987531385429724 9758 9758 123 24 N13rosgraph_msgs4Log_ISaIvEEE
1 1615987531385431770 9758 9758 24 24 none
5 1615987531385452648 9758 9758 24 0 none
7 1615987534312363779 9758 9764 35 21 none
3 1615987534312388943 9758 9763 21 124 none
4 1615987534312458198 9758 9758 124 21 N13rosgraph_msgs4Log_ISaIvEEE
1 1615987534312468266 9758 9758 21 21 none
5 1615987534312554808 9758 9758 21 0 none
7 1615987534685854363 9758 9764 57 12 none
3 1615987534685860310 9758 9763 12 125 none
4 1615987534685875324 9758 9758 125 12 N13rosgraph_msgs4Log_ISaIvEEE
1 1615987534685877594 9758 9758 12 12 none
5 1615987534685899781 9758 9758 12 0 none
7 1615987534862098838 9758 9764 34 11 none
3 1615987534862124289 9758 9763 11 126 none
4 1615987534862194711 9758 9758 126 11 N13rosgraph_msgs4Log_ISaIvEEE
1 1615987534862205297 9758 9758 11 11 none
5 1615987534862337181 9758 9758 11 0 none
7 1615987534870371752 9758 9764 20 21 none
3 1615987534870392726 9758 9763 21 127 none
7 1615987534870431590 9758 9764 20 22 none
3 1615987534870439795 9758 9763 22 128 none
4 1615987534870481287 9758 9758 127 21 N13rosgraph_msgs4Log_ISaIvEEE
1 1615987534870490592 9758 9758 21 21 none
5 1615987534870559473 9758 9758 21 0 none
4 1615987534870579998 9758 9758 128 22 N13rosgraph_msgs4Log_ISaIvEEE
1 1615987534870582265 9758 9758 22 22 none
5 1615987534870610596 9758 9758 22 0 none
7 1615987534955634694 9758 9764 18 12 none
3 1615987534955661503 9758 9763 12 129 none
4 1615987534955734081 9758 9758 129 12 N13rosgraph_msgs4Log_ISaIvEEE
1 1615987534955743726 9758 9758 12 12 none
5 1615987534955827668 9758 9758 12 0 none
7 1615987535011180378 9758 9764 60 25 none
3 1615987535011186346 9758 9763 25 130 none
4 1615987535011199466 9758 9758 130 25 N13rosgraph_msgs4Log_ISaIvEEE
1 1615987535011201711 9758 9758 25 25 none
5 1615987535011223278 9758 9758 25 0 none
7 1615987535050504905 9758 9764 50 12 none
3 1615987535050510129 9758 9763 12 131 none
4 1615987535050523685 9758 9758 131 12 N13rosgraph_msgs4Log_ISaIvEEE
1 1615987535050525892 9758 9758 12 12 none
5 1615987535050545991 9758 9758 12 0 none
7 1615987536417913496 9758 9764 60 26 none
3 1615987536417933427 9758 9763 26 132 none
4 1615987536417947463 9758 9758 132 26 N13rosgraph_msgs4Log_ISaIvEEE
1 1615987536417949451 9758 9758 26 26 none
5 1615987536417969842 9758 9758 26 0 none
7 1615987537312465496 9758 9764 35 22 none
3 1615987537312490923 9758 9763 22 133 none
4 1615987537312594318 9758 9758 133 22 N13rosgraph_msgs4Log_ISaIvEEE
1 1615987537312603264 9758 9758 22 22 none
5 1615987537312687078 9758 9758 22 0 none
7 1615987539692825753 9758 9764 57 13 none
3 1615987539692831963 9758 9763 13 134 none
4 1615987539692846132 9758 9758 134 13 N13rosgraph_msgs4Log_ISaIvEEE
1 1615987539692848463 9758 9758 13 13 none
5 1615987539692875958 9758 9758 13 0 none
7 1615987539870809090 9758 9764 34 12 none
3 1615987539870829028 9758 9763 12 135 none
4 1615987539870842709 9758 9758 135 12 N13rosgraph_msgs4Log_ISaIvEEE
1 1615987539870844671 9758 9758 12 12 none
5 1615987539870866516 9758 9758 12 0 none
7 1615987539879097158 9758 9764 20 23 none
3 1615987539879101075 9758 9763 23 136 none
7 1615987539879109223 9758 9764 20 24 none
4 1615987539879113736 9758 9758 136 23 N13rosgraph_msgs4Log_ISaIvEEE
3 1615987539879113970 9758 9763 24 137 none
1 1615987539879114846 9758 9758 23 23 none
5 1615987539879125799 9758 9758 23 0 none
4 1615987539879128844 9758 9758 137 24 N13rosgraph_msgs4Log_ISaIvEEE
1 1615987539879129243 9758 9758 24 24 none
5 1615987539879134081 9758 9758 24 0 none
7 1615987539964531128 9758 9764 18 13 none
3 1615987539964536625 9758 9763 13 138 none
4 1615987539964549881 9758 9758 138 13 N13rosgraph_msgs4Log_ISaIvEEE
1 1615987539964551833 9758 9758 13 13 none
5 1615987539964569873 9758 9758 13 0 none
7 1615987540044015966 9758 9764 60 27 none
3 1615987540044021343 9758 9763 27 139 none
4 1615987540044070793 9758 9758 139 27 N13rosgraph_msgs4Log_ISaIvEEE
1 1615987540044072772 9758 9758 27 27 none
5 1615987540044093767 9758 9758 27 0 none
7 1615987540075570525 9758 9764 50 13 none
3 1615987540075576618 9758 9763 13 140 none
4 1615987540075614698 9758 9758 140 13 N13rosgraph_msgs4Log_ISaIvEEE
1 1615987540075616570 9758 9758 13 13 none
5 1615987540075640159 9758 9758 13 0 none
7 1615987540331944375 9758 9764 35 23 none
3 1615987540331949845 9758 9763 23 141 none
4 1615987540331998180 9758 9758 141 23 N13rosgraph_msgs4Log_ISaIvEEE
1 1615987540332000102 9758 9758 23 23 none
5 1615987540332017479 9758 9758 23 0 none
9 0 9758 9758 41217 26 none
7 1615987541455261693 9758 9764 60 28 none
3 1615987541455268429 9758 9763 28 142 none
4 1615987541455308774 9758 9758 142 28 N13rosgraph_msgs4Log_ISaIvEEE
1 1615987541455310912 9758 9758 28 28 none
5 1615987541455333582 9758 9758 28 0 none
7 1615987543332400408 9758 9764 35 24 none
3 1615987543332427574 9758 9763 24 143 none
4 1615987543332539353 9758 9758 143 24 N13rosgraph_msgs4Log_ISaIvEEE
1 1615987543332548951 9758 9758 24 24 none
5 1615987543332640594 9758 9758 24 0 none
7 1615987544700090955 9758 9764 57 14 none
3 1615987544700114618 9758 9763 14 144 none
4 1615987544700221822 9758 9758 144 14 N13rosgraph_msgs4Log_ISaIvEEE
1 1615987544700231088 9758 9758 14 14 none
5 1615987544700319146 9758 9758 14 0 none
7 1615987544881596103 9758 9764 34 13 none
3 1615987544881619201 9758 9763 13 145 none
4 1615987544881739041 9758 9758 145 13 N13rosgraph_msgs4Log_ISaIvEEE
1 1615987544881748381 9758 9758 13 13 none
5 1615987544881838175 9758 9758 13 0 none
7 1615987544889482441 9758 9764 20 25 none
3 1615987544889512944 9758 9763 25 146 none
7 1615987544889549622 9758 9764 20 26 none
3 1615987544889555315 9758 9763 26 147 none
4 1615987544889621393 9758 9758 146 25 N13rosgraph_msgs4Log_ISaIvEEE
1 1615987544889630643 9758 9758 25 25 none
5 1615987544889715176 9758 9758 25 0 none
4 1615987544889731331 9758 9758 147 26 N13rosgraph_msgs4Log_ISaIvEEE
1 1615987544889733519 9758 9758 26 26 none
5 1615987544889783504 9758 9758 26 0 none
7 1615987544974786256 9758 9764 18 14 none
3 1615987544974793711 9758 9763 14 148 none
4 1615987544974809317 9758 9758 148 14 N13rosgraph_msgs4Log_ISaIvEEE
1 1615987544974811852 9758 9758 14 14 none
5 1615987544974833047 9758 9758 14 0 none
7 1615987545085461194 9758 9764 60 29 none
3 1615987545085493196 9758 9763 29 149 none
4 1615987545085592049 9758 9758 149 29 N13rosgraph_msgs4Log_ISaIvEEE
1 1615987545085601172 9758 9758 29 29 none
5 1615987545085686855 9758 9758 29 0 none
7 1615987545092286533 9758 9764 50 14 none
3 1615987545092313529 9758 9763 14 150 none
4 1615987545092417404 9758 9758 150 14 N13rosgraph_msgs4Log_ISaIvEEE
1 1615987545092426434 9758 9758 14 14 none
5 1615987545092509859 9758 9758 14 0 none
9 0 9758 9758 38279 26 none
9 0 9758 9758 55687 28 none
7 1615987545625361466 9758 9764 28 34 none
7 1615987545625378169 9758 9764 28 0 none
3 1615987545625383227 9758 9763 0 151 none
4 1615987545625425937 9758 9758 151 0 N13rosgraph_msgs4Log_ISaIvEEE
1 1615987545625428609 9758 9758 0 0 none
5 1615987545625451541 9758 9758 0 0 none
7 1615987545831571383 9758 9764 38 0 none
3 1615987545831577853 9758 9763 0 152 none
4 1615987545831620153 9758 9758 152 0 N13rosgraph_msgs4Log_ISaIvEEE
1 1615987545831622419 9758 9758 0 0 none
5 1615987545831643011 9758 9758 0 0 none
7 1615987546351984541 9758 9764 35 25 none
3 1615987546351992081 9758 9763 25 153 none
4 1615987546352043477 9758 9758 153 25 N13rosgraph_msgs4Log_ISaIvEEE
1 1615987546352045911 9758 9758 25 25 none
5 1615987546352073265 9758 9758 25 0 none
7 1615987546494654242 9758 9764 60 30 none
3 1615987546494679050 9758 9763 30 154 none
4 1615987546494782029 9758 9758 154 30 N13rosgraph_msgs4Log_ISaIvEEE
1 1615987546494791292 9758 9758 30 30 none
5 1615987546494874111 9758 9758 30 0 none
7 1615987549352276051 9758 9764 35 26 none
3 1615987549352302174 9758 9763 26 155 none
4 1615987549352407109 9758 9758 155 26 N13rosgraph_msgs4Log_ISaIvEEE
1 1615987549352416019 9758 9758 26 26 none
5 1615987549352498893 9758 9758 26 0 none
7 1615987549707502922 9758 9764 57 15 none
3 1615987549707528655 9758 9763 15 156 none
4 1615987549707644405 9758 9758 156 15 N13rosgraph_msgs4Log_ISaIvEEE
1 1615987549707653644 9758 9758 15 15 none
5 1615987549707761415 9758 9758 15 0 none
7 1615987549891957346 9758 9764 34 14 none
3 1615987549891965397 9758 9763 14 157 none
4 1615987549892009248 9758 9758 157 14 N13rosgraph_msgs4Log_ISaIvEEE
1 1615987549892011686 9758 9758 14 14 none
5 1615987549892037821 9758 9758 14 0 none
7 1615987549899553699 9758 9764 20 27 none
3 1615987549899560793 9758 9763 27 158 none
7 1615987549899570677 9758 9764 20 28 none
3 1615987549899572010 9758 9763 28 159 none
4 1615987549899601185 9758 9758 158 27 N13rosgraph_msgs4Log_ISaIvEEE
1 1615987549899603719 9758 9758 27 27 none
5 1615987549899628919 9758 9758 27 0 none
4 1615987549899633046 9758 9758 159 28 N13rosgraph_msgs4Log_ISaIvEEE
1 1615987549899633480 9758 9758 28 28 none
5 1615987549899640430 9758 9758 28 0 none
7 1615987549985210082 9758 9764 18 15 none
3 1615987549985218553 9758 9763 15 160 none
4 1615987549985308165 9758 9758 160 15 N13rosgraph_msgs4Log_ISaIvEEE
1 1615987549985310599 9758 9758 15 15 none
5 1615987549985349513 9758 9758 15 0 none
7 1615987550113343923 9758 9764 50 15 none
3 1615987550113351983 9758 9763 15 161 none
4 1615987550113398398 9758 9758 161 15 N13rosgraph_msgs4Log_ISaIvEEE
1 1615987550113400824 9758 9758 15 15 none
5 1615987550113425319 9758 9758 15 0 none
7 1615987550121599607 9758 9764 60 31 none
3 1615987550121607538 9758 9763 31 162 none
4 1615987550121649938 9758 9758 162 31 N13rosgraph_msgs4Log_ISaIvEEE
1 1615987550121652447 9758 9758 31 31 none
5 1615987550121677908 9758 9758 31 0 none
7 1615987551534181779 9758 9764 60 32 none
3 1615987551534190798 9758 9763 32 163 none
4 1615987551534253664 9758 9758 163 32 N13rosgraph_msgs4Log_ISaIvEEE
1 1615987551534256134 9758 9758 32 32 none
5 1615987551534281806 9758 9758 32 0 none
7 1615987552352340538 9758 9764 35 27 none
3 1615987552352363421 9758 9763 27 164 none
4 1615987552352468062 9758 9758 164 27 N13rosgraph_msgs4Log_ISaIvEEE
1 1615987552352477244 9758 9758 27 27 none
5 1615987552352580980 9758 9758 27 0 none
7 1615987554714071963 9758 9764 57 16 none
3 1615987554714096217 9758 9763 16 165 none
4 1615987554714204887 9758 9758 165 16 N13rosgraph_msgs4Log_ISaIvEEE
1 1615987554714214060 9758 9758 16 16 none
5 1615987554714303100 9758 9758 16 0 none
7 1615987554902338090 9758 9764 34 15 none
3 1615987554902360806 9758 9763 15 166 none
4 1615987554902463302 9758 9758 166 15 N13rosgraph_msgs4Log_ISaIvEEE
1 1615987554902472348 9758 9758 15 15 none
5 1615987554902577822 9758 9758 15 0 none
7 1615987554909447560 9758 9764 20 29 none
3 1615987554909472265 9758 9763 29 167 none
7 1615987554909500800 9758 9764 20 30 none
3 1615987554909502030 9758 9763 30 168 none
4 1615987554909527358 9758 9758 167 29 N13rosgraph_msgs4Log_ISaIvEEE
1 1615987554909529535 9758 9758 29 29 none
5 1615987554909552723 9758 9758 29 0 none
4 1615987554909555892 9758 9758 168 30 N13rosgraph_msgs4Log_ISaIvEEE
1 1615987554909556256 9758 9758 30 30 none
5 1615987554909561673 9758 9758 30 0 none
7 1615987554995748309 9758 9764 18 16 none
3 1615987554995775143 9758 9763 16 169 none
4 1615987554995873753 9758 9758 169 16 N13rosgraph_msgs4Log_ISaIvEEE
1 1615987554995883500 9758 9758 16 16 none
5 1615987554995966316 9758 9758 16 0 none
7 1615987555137598488 9758 9764 50 16 none
3 1615987555137622974 9758 9763 16 170 none
4 1615987555137725800 9758 9758 170 16 N13rosgraph_msgs4Log_ISaIvEEE
1 1615987555137735225 9758 9758 16 16 none
5 1615987555137837936 9758 9758 16 0 none
7 1615987555161517540 9758 9764 60 33 none
3 1615987555161524801 9758 9763 33 171 none
4 1615987555161541358 9758 9758 171 33 N13rosgraph_msgs4Log_ISaIvEEE
1 1615987555161543564 9758 9758 33 33 none
5 1615987555161566053 9758 9758 33 0 none
7 1615987555371982002 9758 9764 35 28 none
3 1615987555371987110 9758 9763 28 172 none
4 1615987555372025441 9758 9758 172 28 N13rosgraph_msgs4Log_ISaIvEEE
1 1615987555372027708 9758 9758 28 28 none
5 1615987555372045382 9758 9758 28 0 none
7 1615987556573527403 9758 9764 60 34 none
3 1615987556573551610 9758 9763 34 173 none
4 1615987556573608563 9758 9758 173 34 N13rosgraph_msgs4Log_ISaIvEEE
1 1615987556573618156 9758 9758 34 34 none
5 1615987556573701462 9758 9758 34 0 none
7 1615987558372454259 9758 9764 35 29 none
3 1615987558372484276 9758 9763 29 174 none
4 1615987558372582255 9758 9758 174 29 N13rosgraph_msgs4Log_ISaIvEEE
1 1615987558372591601 9758 9758 29 29 none
5 1615987558372675224 9758 9758 29 0 none
7 1615987559721529134 9758 9764 57 17 none
3 1615987559721553490 9758 9763 17 175 none
4 1615987559721658237 9758 9758 175 17 N13rosgraph_msgs4Log_ISaIvEEE
1 1615987559721667283 9758 9758 17 17 none
5 1615987559721763053 9758 9758 17 0 none
7 1615987559914312389 9758 9764 34 16 none
3 1615987559914323471 9758 9763 16 176 none
4 1615987559914379347 9758 9758 176 16 N13rosgraph_msgs4Log_ISaIvEEE
1 1615987559914382857 9758 9758 16 16 none
5 1615987559914421314 9758 9758 16 0 none
7 1615987559920292025 9758 9764 20 31 none
3 1615987559920300935 9758 9763 31 177 none
7 1615987559920315095 9758 9764 20 32 none
3 1615987559920316993 9758 9763 32 178 none
4 1615987559920327219 9758 9758 177 31 N13rosgraph_msgs4Log_ISaIvEEE
1 1615987559920330288 9758 9758 31 31 none
5 1615987559920372712 9758 9758 31 0 none
4 1615987559920380492 9758 9758 178 32 N13rosgraph_msgs4Log_ISaIvEEE
1 1615987559920381466 9758 9758 32 32 none
5 1615987559920392140 9758 9758 32 0 none
7 1615987560006189395 9758 9764 18 17 none
3 1615987560006198224 9758 9763 17 179 none
4 1615987560006249686 9758 9758 179 17 N13rosgraph_msgs4Log_ISaIvEEE
1 1615987560006252936 9758 9758 17 17 none
5 1615987560006286591 9758 9758 17 0 none
7 1615987560155915833 9758 9764 50 17 none
3 1615987560155940446 9758 9763 17 180 none
4 1615987560156048956 9758 9758 180 17 N13rosgraph_msgs4Log_ISaIvEEE
1 1615987560156058436 9758 9758 17 17 none
5 1615987560156162263 9758 9758 17 0 none
7 1615987560202238694 9758 9764 60 35 none
3 1615987560202266146 9758 9763 35 181 none
4 1615987560202365279 9758 9758 181 35 N13rosgraph_msgs4Log_ISaIvEEE
1 1615987560202375015 9758 9758 35 35 none
5 1615987560202453859 9758 9758 35 0 none
9 0 9758 9758 41217 26 none
7 1615987561372464727 9758 9764 35 30 none
3 1615987561372489194 9758 9763 30 182 none
4 1615987561372590012 9758 9758 182 30 N13rosgraph_msgs4Log_ISaIvEEE
1 1615987561372598979 9758 9758 30 30 none
5 1615987561372685153 9758 9758 30 0 none
7 1615987561616954770 9758 9764 60 36 none
3 1615987561616978584 9758 9763 36 183 none
4 1615987561617083834 9758 9758 183 36 N13rosgraph_msgs4Log_ISaIvEEE
1 1615987561617093340 9758 9758 36 36 none
5 1615987561617177227 9758 9758 36 0 none
7 1615987564392417804 9758 9764 35 31 none
3 1615987564392447169 9758 9763 31 184 none
4 1615987564392549188 9758 9758 184 31 N13rosgraph_msgs4Log_ISaIvEEE
1 1615987564392558421 9758 9758 31 31 none
5 1615987564392644050 9758 9758 31 0 none
7 1615987564729741618 9758 9764 57 18 none
3 1615987564729764276 9758 9763 18 185 none
4 1615987564729866787 9758 9758 185 18 N13rosgraph_msgs4Log_ISaIvEEE
1 1615987564729875500 9758 9758 18 18 none
5 1615987564729977042 9758 9758 18 0 none
7 1615987564926225788 9758 9764 34 17 none
3 1615987564926250433 9758 9763 17 186 none
4 1615987564926352566 9758 9758 186 17 N13rosgraph_msgs4Log_ISaIvEEE
1 1615987564926361618 9758 9758 17 17 none
5 1615987564926460237 9758 9758 17 0 none
7 1615987564932256265 9758 9764 20 33 none
3 1615987564932278605 9758 9763 33 187 none
7 1615987564932317065 9758 9764 20 34 none
3 1615987564932324147 9758 9763 34 188 none
4 1615987564932388970 9758 9758 187 33 N13rosgraph_msgs4Log_ISaIvEEE
1 1615987564932398259 9758 9758 33 33 none
5 1615987564932479899 9758 9758 33 0 none
4 1615987564932498214 9758 9758 188 34 N13rosgraph_msgs4Log_ISaIvEEE
1 1615987564932500186 9758 9758 34 34 none
5 1615987564932529692 9758 9758 34 0 none
7 1615987565017880035 9758 9764 18 18 none
3 1615987565017888560 9758 9763 18 189 none
4 1615987565017908599 9758 9758 189 18 N13rosgraph_msgs4Log_ISaIvEEE
1 1615987565017911559 9758 9758 18 18 none
5 1615987565017937641 9758 9758 18 0 none
7 1615987565172153737 9758 9764 50 18 none
3 1615987565172178656 9758 9763 18 190 none
4 1615987565172256168 9758 9758 190 18 N13rosgraph_msgs4Log_ISaIvEEE
1 1615987565172267238 9758 9758 18 18 none
5 1615987565172370070 9758 9758 18 0 none
7 1615987565243817843 9758 9764 60 37 none
3 1615987565243825900 9758 9763 37 191 none
4 1615987565243875922 9758 9758 191 37 N13rosgraph_msgs4Log_ISaIvEEE
1 1615987565243878444 9758 9758 37 37 none
5 1615987565243904051 9758 9758 37 0 none
7 1615987566657155601 9758 9764 60 38 none
3 1615987566657181633 9758 9763 38 192 none
4 1615987566657336258 9758 9758 192 38 N13rosgraph_msgs4Log_ISaIvEEE
1 1615987566657346280 9758 9758 38 38 none
5 1615987566657460358 9758 9758 38 0 none
7 1615987567412491408 9758 9764 35 32 none
3 1615987567412516164 9758 9763 32 193 none
4 1615987567412623445 9758 9758 193 32 N13rosgraph_msgs4Log_ISaIvEEE
1 1615987567412632405 9758 9758 32 32 none
5 1615987567412714607 9758 9758 32 0 none
7 1615987569738944676 9758 9764 57 19 none
3 1615987569738970138 9758 9763 19 194 none
4 1615987569739082671 9758 9758 194 19 N13rosgraph_msgs4Log_ISaIvEEE
1 1615987569739092375 9758 9758 19 19 none
5 1615987569739180304 9758 9758 19 0 none
7 1615987569937786383 9758 9764 34 18 none
3 1615987569937811117 9758 9763 18 195 none
4 1615987569937913208 9758 9758 195 18 N13rosgraph_msgs4Log_ISaIvEEE
1 1615987569937924770 9758 9758 18 18 none
5 1615987569938041089 9758 9758 18 0 none
7 1615987569943730492 9758 9764 20 35 none
3 1615987569943750690 9758 9763 35 196 none
7 1615987569943785637 9758 9764 20 36 none
3 1615987569943791523 9758 9763 36 197 none
4 1615987569943844906 9758 9758 196 35 N13rosgraph_msgs4Log_ISaIvEEE
1 1615987569943852968 9758 9758 35 35 none
5 1615987569943923796 9758 9758 35 0 none
4 1615987569943940743 9758 9758 197 36 N13rosgraph_msgs4Log_ISaIvEEE
1 1615987569943942950 9758 9758 36 36 none
5 1615987569943971092 9758 9758 36 0 none
7 1615987570029336118 9758 9764 18 19 none
3 1615987570029345446 9758 9763 19 198 none
4 1615987570029368816 9758 9758 198 19 N13rosgraph_msgs4Log_ISaIvEEE
1 1615987570029372162 9758 9758 19 19 none
5 1615987570029417687 9758 9758 19 0 none
7 1615987570189521999 9758 9764 50 19 none
3 1615987570189549949 9758 9763 19 199 none
4 1615987570189663933 9758 9758 199 19 N13rosgraph_msgs4Log_ISaIvEEE
1 1615987570189673318 9758 9758 19 19 none
5 1615987570189775154 9758 9758 19 0 none
7 1615987570290954449 9758 9764 60 39 none
3 1615987570290978817 9758 9763 39 200 none
4 1615987570291073047 9758 9758 200 39 N13rosgraph_msgs4Log_ISaIvEEE
1 1615987570291082448 9758 9758 39 39 none
5 1615987570291163817 9758 9758 39 0 none
7 1615987570432433436 9758 9764 35 33 none
3 1615987570432462862 9758 9763 33 201 none
4 1615987570432572269 9758 9758 201 33 N13rosgraph_msgs4Log_ISaIvEEE
1 1615987570432581970 9758 9758 33 33 none
5 1615987570432669368 9758 9758 33 0 none
7 1615987571704575112 9758 9764 60 40 none
3 1615987571704600003 9758 9763 40 202 none
4 1615987571704713874 9758 9758 202 40 N13rosgraph_msgs4Log_ISaIvEEE
1 1615987571704723029 9758 9758 40 40 none
5 1615987571704805530 9758 9758 40 0 none
7 1615987573452376291 9758 9764 35 34 none
3 1615987573452398579 9758 9763 34 203 none
4 1615987573452505600 9758 9758 203 34 N13rosgraph_msgs4Log_ISaIvEEE
1 1615987573452514540 9758 9758 34 34 none
5 1615987573452598148 9758 9758 34 0 none
7 1615987574748452382 9758 9764 57 20 none
3 1615987574748477683 9758 9763 20 204 none
4 1615987574748576563 9758 9758 204 20 N13rosgraph_msgs4Log_ISaIvEEE
1 1615987574748585601 9758 9758 20 20 none
5 1615987574748669213 9758 9758 20 0 none
7 1615987574949430381 9758 9764 34 19 none
3 1615987574949453743 9758 9763 19 205 none
4 1615987574949555157 9758 9758 205 19 N13rosgraph_msgs4Log_ISaIvEEE
1 1615987574949564523 9758 9758 19 19 none
5 1615987574949682095 9758 9758 19 0 none
7 1615987574955389095 9758 9764 20 37 none
3 1615987574955407871 9758 9763 37 206 none
7 1615987574955443772 9758 9764 20 38 none
3 1615987574955449051 9758 9763 38 207 none
4 1615987574955504465 9758 9758 206 37 N13rosgraph_msgs4Log_ISaIvEEE
1 1615987574955512874 9758 9758 37 37 none
5 1615987574955583852 9758 9758 37 0 none
4 1615987574955600632 9758 9758 207 38 N13rosgraph_msgs4Log_ISaIvEEE
1 1615987574955602735 9758 9758 38 38 none
5 1615987574955630542 9758 9758 38 0 none
7 1615987575041602176 9758 9764 18 20 none
3 1615987575041632896 9758 9763 20 208 none
4 1615987575041736747 9758 9758 208 20 N13rosgraph_msgs4Log_ISaIvEEE
1 1615987575041746244 9758 9758 20 20 none
5 1615987575041834181 9758 9758 20 0 none
7 1615987575210252465 9758 9764 50 20 none
3 1615987575210280724 9758 9763 20 209 none
4 1615987575210386115 9758 9758 209 20 N13rosgraph_msgs4Log_ISaIvEEE
1 1615987575210395239 9758 9758 20 20 none
5 1615987575210494973 9758 9758 20 0 none
7 1615987575335853712 9758 9764 60 41 none
3 1615987575335879676 9758 9763 41 210 none
4 1615987575335978212 9758 9758 210 41 N13rosgraph_msgs4Log_ISaIvEEE
1 1615987575335987235 9758 9758 41 41 none
5 1615987575336066179 9758 9758 41 0 none
7 1615987576472359320 9758 9764 35 35 none
3 1615987576472384478 9758 9763 35 211 none
4 1615987576472488923 9758 9758 211 35 N13rosgraph_msgs4Log_ISaIvEEE
1 1615987576472499300 9758 9758 35 35 none
5 1615987576472596803 9758 9758 35 0 none
7 1615987576750772789 9758 9764 60 42 none
3 1615987576750798379 9758 9763 42 212 none
4 1615987576750907633 9758 9758 212 42 N13rosgraph_msgs4Log_ISaIvEEE
1 1615987576750917072 9758 9758 42 42 none
5 1615987576750999628 9758 9758 42 0 none
7 1615987579472387464 9758 9764 35 36 none
3 1615987579472412894 9758 9763 36 213 none
4 1615987579472524876 9758 9758 213 36 N13rosgraph_msgs4Log_ISaIvEEE
1 1615987579472534330 9758 9758 36 36 none
5 1615987579472627014 9758 9758 36 0 none
7 1615987579757966821 9758 9764 57 21 none
3 1615987579757997751 9758 9763 21 214 none
4 1615987579758122942 9758 9758 214 21 N13rosgraph_msgs4Log_ISaIvEEE
1 1615987579758132290 9758 9758 21 21 none
5 1615987579758245739 9758 9758 21 0 none
7 1615987579961364490 9758 9764 34 20 none
3 1615987579961391037 9758 9763 20 215 none
4 1615987579961463828 9758 9758 215 20 N13rosgraph_msgs4Log_ISaIvEEE
1 1615987579961474929 9758 9758 20 20 none
5 1615987579962041930 9758 9758 20 0 none
7 1615987579967951982 9758 9764 20 39 none
3 1615987579967978338 9758 9763 39 216 none
7 1615987579968021862 9758 9764 20 40 none
3 1615987579968028001 9758 9763 40 217 none
4 1615987579968100342 9758 9758 216 39 N13rosgraph_msgs4Log_ISaIvEEE
1 1615987579968109578 9758 9758 39 39 none
5 1615987579968190718 9758 9758 39 0 none
4 1615987579968207233 9758 9758 217 40 N13rosgraph_msgs4Log_ISaIvEEE
1 1615987579968209242 9758 9758 40 40 none
5 1615987579968237773 9758 9758 40 0 none
7 1615987580052900580 9758 9764 18 21 none
3 1615987580052910855 9758 9763 21 218 none
4 1615987580052967325 9758 9758 218 21 N13rosgraph_msgs4Log_ISaIvEEE
1 1615987580052971133 9758 9758 21 21 none
5 1615987580053009031 9758 9758 21 0 none
7 1615987580227422479 9758 9764 50 21 none
3 1615987580227446934 9758 9763 21 219 none
4 1615987580227548091 9758 9758 219 21 N13rosgraph_msgs4Log_ISaIvEEE
1 1615987580227558954 9758 9758 21 21 none
5 1615987580227634591 9758 9758 21 0 none
7 1615987580380884085 9758 9764 60 43 none
3 1615987580380913458 9758 9763 43 220 none
4 1615987580381020121 9758 9758 220 43 N13rosgraph_msgs4Log_ISaIvEEE
1 1615987580381029518 9758 9758 43 43 none
5 1615987580381130555 9758 9758 43 0 none
9 0 9758 9758 41217 26 none
7 1615987581794446603 9758 9764 60 44 none
3 1615987581794477479 9758 9763 44 221 none
4 1615987581794574160 9758 9758 221 44 N13rosgraph_msgs4Log_ISaIvEEE
1 1615987581794583469 9758 9758 44 44 none
5 1615987581794663313 9758 9758 44 0 none
7 1615987582472494256 9758 9764 35 37 none
3 1615987582472519406 9758 9763 37 222 none
4 1615987582472625914 9758 9758 222 37 N13rosgraph_msgs4Log_ISaIvEEE
1 1615987582472634484 9758 9758 37 37 none
5 1615987582472719475 9758 9758 37 0 none
7 1615987584767564608 9758 9764 57 22 none
3 1615987584767591628 9758 9763 22 223 none
4 1615987584767700306 9758 9758 223 22 N13rosgraph_msgs4Log_ISaIvEEE
1 1615987584767709774 9758 9758 22 22 none
5 1615987584767793820 9758 9758 22 0 none
7 1615987584973954464 9758 9764 34 21 none
3 1615987584973979832 9758 9763 21 224 none
4 1615987584974095524 9758 9758 224 21 N13rosgraph_msgs4Log_ISaIvEEE
1 1615987584974104503 9758 9758 21 21 none
5 1615987584974210423 9758 9758 21 0 none
7 1615987584979161802 9758 9764 20 41 none
3 1615987584979180772 9758 9763 41 225 none
7 1615987584979215920 9758 9764 20 42 none
3 1615987584979221792 9758 9763 42 226 none
4 1615987584979279007 9758 9758 225 41 N13rosgraph_msgs4Log_ISaIvEEE
1 1615987584979287285 9758 9758 41 41 none
5 1615987584979359223 9758 9758 41 0 none
4 1615987584979375761 9758 9758 226 42 N13rosgraph_msgs4Log_ISaIvEEE
1 1615987584979377923 9758 9758 42 42 none
5 1615987584979406351 9758 9758 42 0 none
7 1615987585065001662 9758 9764 18 22 none
3 1615987585065028397 9758 9763 22 227 none
4 1615987585065137741 9758 9758 227 22 N13rosgraph_msgs4Log_ISaIvEEE
1 1615987585065146863 9758 9758 22 22 none
5 1615987585065242911 9758 9758 22 0 none
7 1615987585241600572 9758 9764 50 22 none
3 1615987585241629464 9758 9763 22 228 none
4 1615987585241731546 9758 9758 228 22 N13rosgraph_msgs4Log_ISaIvEEE
1 1615987585241740644 9758 9758 22 22 none
5 1615987585241820968 9758 9758 22 0 none
7 1615987585428701720 9758 9764 60 45 none
3 1615987585428728275 9758 9763 45 229 none
4 1615987585428839182 9758 9758 229 45 N13rosgraph_msgs4Log_ISaIvEEE
1 1615987585428848180 9758 9758 45 45 none
5 1615987585428921024 9758 9758 45 0 none
7 1615987585492369960 9758 9764 35 38 none
3 1615987585492397319 9758 9763 38 230 none
4 1615987585492509877 9758 9758 230 38 N13rosgraph_msgs4Log_ISaIvEEE
1 1615987585492518740 9758 9758 38 38 none
5 1615987585492612866 9758 9758 38 0 none
7 1615987586839060461 9758 9764 60 46 none
3 1615987586839086470 9758 9763 46 231 none
4 1615987586839200661 9758 9758 231 46 N13rosgraph_msgs4Log_ISaIvEEE
1 1615987586839209703 9758 9758 46 46 none
5 1615987586839290039 9758 9758 46 0 none
7 1615987588492490398 9758 9764 35 39 none
3 1615987588492517141 9758 9763 39 232 none
4 1615987588492621862 9758 9758 232 39 N13rosgraph_msgs4Log_ISaIvEEE
1 1615987588492630625 9758 9758 39 39 none
5 1615987588492719133 9758 9758 39 0 none
7 1615987589777352985 9758 9764 57 23 none
3 1615987589777375680 9758 9763 23 233 none
4 1615987589777475083 9758 9758 233 23 N13rosgraph_msgs4Log_ISaIvEEE
1 1615987589777484247 9758 9758 23 23 none
5 1615987589777570045 9758 9758 23 0 none
7 1615987589985373490 9758 9764 34 22 none
3 1615987589985398918 9758 9763 22 234 none
4 1615987589985524897 9758 9758 234 22 N13rosgraph_msgs4Log_ISaIvEEE
1 1615987589985534166 9758 9758 22 22 none
5 1615987589985654037 9758 9758 22 0 none
7 1615987589991250994 9758 9764 20 43 none
3 1615987589991270062 9758 9763 43 235 none
7 1615987589991304462 9758 9764 20 44 none
3 1615987589991310010 9758 9763 44 236 none
4 1615987589991365990 9758 9758 235 43 N13rosgraph_msgs4Log_ISaIvEEE
1 1615987589991374213 9758 9758 43 43 none
5 1615987589991444510 9758 9758 43 0 none
4 1615987589991460773 9758 9758 236 44 N13rosgraph_msgs4Log_ISaIvEEE
1 1615987589991462619 9758 9758 44 44 none
5 1615987589991491097 9758 9758 44 0 none
7 1615987590077238463 9758 9764 18 23 none
3 1615987590077319668 9758 9763 23 237 none
4 1615987590077441015 9758 9758 237 23 N13rosgraph_msgs4Log_ISaIvEEE
1 1615987590077450571 9758 9758 23 23 none
5 1615987590077539599 9758 9758 23 0 none
7 1615987590256817510 9758 9764 50 23 none
3 1615987590256844073 9758 9763 23 238 none
4 1615987590256944134 9758 9758 238 23 N13rosgraph_msgs4Log_ISaIvEEE
1 1615987590256952912 9758 9758 23 23 none
5 1615987590257034014 9758 9758 23 0 none
7 1615987590466123013 9758 9764 60 47 none
3 1615987590466130962 9758 9763 47 239 none
4 1615987590466170839 9758 9758 239 47 N13rosgraph_msgs4Log_ISaIvEEE
1 1615987590466172907 9758 9758 47 47 none
5 1615987590466209265 9758 9758 47 0 none
7 1615987591512376980 9758 9764 35 40 none
3 1615987591512404663 9758 9763 40 240 none
4 1615987591512510862 9758 9758 240 40 N13rosgraph_msgs4Log_ISaIvEEE
1 1615987591512520066 9758 9758 40 40 none
5 1615987591512616415 9758 9758 40 0 none
7 1615987591879041810 9758 9764 60 48 none
3 1615987591879065764 9758 9763 48 241 none
4 1615987591879182148 9758 9758 241 48 N13rosgraph_msgs4Log_ISaIvEEE
1 1615987591879191051 9758 9758 48 48 none
5 1615987591879270509 9758 9758 48 0 none
7 1615987594532479171 9758 9764 35 41 none
3 1615987594532505598 9758 9763 41 242 none
4 1615987594532610400 9758 9758 242 41 N13rosgraph_msgs4Log_ISaIvEEE
1 1615987594532619690 9758 9758 41 41 none
5 1615987594532703617 9758 9758 41 0 none
7 1615987594786823159 9758 9764 57 24 none
3 1615987594786847109 9758 9763 24 243 none
4 1615987594786932129 9758 9758 243 24 N13rosgraph_msgs4Log_ISaIvEEE
1 1615987594786941790 9758 9758 24 24 none
5 1615987594787046744 9758 9758 24 0 none
7 1615987594997519203 9758 9764 34 23 none
3 1615987594997556003 9758 9763 23 244 none
4 1615987594997656083 9758 9758 244 23 N13rosgraph_msgs4Log_ISaIvEEE
1 1615987594997665129 9758 9758 23 23 none
5 1615987594997761840 9758 9758 23 0 none
7 1615987595003239166 9758 9764 20 45 none
3 1615987595003263571 9758 9763 45 245 none
7 1615987595003302854 9758 9764 20 46 none
3 1615987595003308598 9758 9763 46 246 none
4 1615987595003366333 9758 9758 245 45 N13rosgraph_msgs4Log_ISaIvEEE
1 1615987595003375484 9758 9758 45 45 none
5 1615987595003457895 9758 9758 45 0 none
4 1615987595003474713 9758 9758 246 46 N13rosgraph_msgs4Log_ISaIvEEE
1 1615987595003476783 9758 9758 46 46 none
5 1615987595003505951 9758 9758 46 0 none
7 1615987595089215043 9758 9764 18 24 none
3 1615987595089245684 9758 9763 24 247 none
4 1615987595089777650 9758 9758 247 24 N13rosgraph_msgs4Log_ISaIvEEE
1 1615987595089786831 9758 9758 24 24 none
5 1615987595089987059 9758 9758 24 0 none
7 1615987595274297481 9758 9764 50 24 none
3 1615987595274322931 9758 9763 24 248 none
4 1615987595274437439 9758 9758 248 24 N13rosgraph_msgs4Log_ISaIvEEE
1 1615987595274446675 9758 9758 24 24 none
5 1615987595274528011 9758 9758 24 0 none
7 1615987595506473234 9758 9764 60 49 none
3 1615987595506496769 9758 9763 49 249 none
4 1615987595506595624 9758 9758 249 49 N13rosgraph_msgs4Log_ISaIvEEE
1 1615987595506604629 9758 9758 49 49 none
5 1615987595506705852 9758 9758 49 0 none
7 1615987596920464010 9758 9764 60 50 none
3 1615987596920490162 9758 9763 50 250 none
4 1615987596920589274 9758 9758 250 50 N13rosgraph_msgs4Log_ISaIvEEE
1 1615987596920598439 9758 9758 50 50 none
5 1615987596920683016 9758 9758 50 0 none
7 1615987597551964118 9758 9764 35 42 none
3 1615987597551972612 9758 9763 42 251 none
4 1615987597551993368 9758 9758 251 42 N13rosgraph_msgs4Log_ISaIvEEE
1 1615987597551996151 9758 9758 42 42 none
5 1615987597552025256 9758 9758 42 0 none
7 1615987599795533665 9758 9764 57 25 none
3 1615987599795539602 9758 9763 25 252 none
4 1615987599795554858 9758 9758 252 25 N13rosgraph_msgs4Log_ISaIvEEE
1 1615987599795557226 9758 9758 25 25 none
5 1615987599795583180 9758 9758 25 0 none
7 1615987600008183744 9758 9764 34 24 none
3 1615987600008208686 9758 9763 24 253 none
4 1615987600008282689 9758 9758 253 24 N13rosgraph_msgs4Log_ISaIvEEE
1 1615987600008292777 9758 9758 24 24 none
5 1615987600008389125 9758 9758 24 0 none
7 1615987600014947175 9758 9764 20 47 none
3 1615987600014965924 9758 9763 47 254 none
7 1615987600015005146 9758 9764 20 48 none
3 1615987600015012914 9758 9763 48 255 none
4 1615987600015052869 9758 9758 254 47 N13rosgraph_msgs4Log_ISaIvEEE
1 1615987600015061769 9758 9758 47 47 none
5 1615987600015135772 9758 9758 47 0 none
4 1615987600015157217 9758 9758 255 48 N13rosgraph_msgs4Log_ISaIvEEE
1 1615987600015159634 9758 9758 48 48 none
5 1615987600015189936 9758 9758 48 0 none
7 1615987600101151157 9758 9764 18 25 none
3 1615987600101177832 9758 9763 25 256 none
4 1615987600101251761 9758 9758 256 25 N13rosgraph_msgs4Log_ISaIvEEE
1 1615987600101261202 9758 9758 25 25 none
5 1615987600101436913 9758 9758 25 0 none
7 1615987600295240046 9758 9764 50 25 none
3 1615987600295247125 9758 9763 25 257 none
4 1615987600295294862 9758 9758 257 25 N13rosgraph_msgs4Log_ISaIvEEE
1 1615987600295297013 9758 9758 25 25 none
5 1615987600295318778 9758 9758 25 0 none
7 1615987600546104525 9758 9764 60 51 none
3 1615987600546110765 9758 9763 51 258 none
4 1615987600546150464 9758 9758 258 51 N13rosgraph_msgs4Log_ISaIvEEE
1 1615987600546152580 9758 9758 51 51 none
5 1615987600546172479 9758 9758 51 0 none
7 1615987600551914924 9758 9764 35 43 none
3 1615987600551918826 9758 9763 43 259 none
4 1615987600551931339 9758 9758 259 43 N13rosgraph_msgs4Log_ISaIvEEE
1 1615987600551932940 9758 9758 43 43 none
5 1615987600551946189 9758 9758 43 0 none
9 0 9758 9758 41217 26 none
7 1615987601956404175 9758 9764 60 52 none
3 1615987601956413289 9758 9763 52 260 none
4 1615987601956464856 9758 9758 260 52 N13rosgraph_msgs4Log_ISaIvEEE
1 1615987601956467697 9758 9758 52 52 none
5 1615987601956497869 9758 9758 52 0 none
7 1615987603551962489 9758 9764 35 44 none
3 1615987603551968502 9758 9763 44 261 none
4 1615987603552012642 9758 9758 261 44 N13rosgraph_msgs4Log_ISaIvEEE
1 1615987603552014581 9758 9758 44 44 none
5 1615987603552037279 9758 9758 44 0 none
7 1615987604800746812 9758 9764 57 26 none
3 1615987604800755270 9758 9763 26 262 none
4 1615987604800804437 9758 9758 262 26 N13rosgraph_msgs4Log_ISaIvEEE
1 1615987604800807274 9758 9758 26 26 none
5 1615987604800835780 9758 9758 26 0 none
7 1615987605016786022 9758 9764 34 25 none
3 1615987605016810181 9758 9763 25 263 none
4 1615987605016923520 9758 9758 263 25 N13rosgraph_msgs4Log_ISaIvEEE
1 1615987605016932650 9758 9758 25 25 none
5 1615987605017049515 9758 9758 25 0 none
7 1615987605023901776 9758 9764 20 49 none
3 1615987605023921049 9758 9763 49 264 none
7 1615987605023957146 9758 9764 20 50 none
3 1615987605023964442 9758 9763 50 265 none
4 1615987605024017769 9758 9758 264 49 N13rosgraph_msgs4Log_ISaIvEEE
1 1615987605024026253 9758 9758 49 49 none
5 1615987605024097198 9758 9758 49 0 none
4 1615987605024115073 9758 9758 265 50 N13rosgraph_msgs4Log_ISaIvEEE
1 1615987605024117076 9758 9758 50 50 none
5 1615987605024145749 9758 9758 50 0 none
7 1615987605108948399 9758 9764 18 26 none
3 1615987605108973175 9758 9763 26 266 none
4 1615987605109084605 9758 9758 266 26 N13rosgraph_msgs4Log_ISaIvEEE
1 1615987605109094108 9758 9758 26 26 none
5 1615987605109177582 9758 9758 26 0 none
7 1615987605321451207 9758 9764 50 26 none
3 1615987605321459127 9758 9763 26 267 none
4 1615987605321504930 9758 9758 267 26 N13rosgraph_msgs4Log_ISaIvEEE
1 1615987605321507370 9758 9758 26 26 none
5 1615987605321533366 9758 9758 26 0 none
7 1615987605579336884 9758 9764 60 53 none
3 1615987605579343061 9758 9763 53 268 none
4 1615987605579356325 9758 9758 268 53 N13rosgraph_msgs4Log_ISaIvEEE
1 1615987605579358538 9758 9758 53 53 none
5 1615987605579380472 9758 9758 53 0 none
7 1615987606552260345 9758 9764 35 45 none
3 1615987606552289139 9758 9763 45 269 none
4 1615987606552366698 9758 9758 269 45 N13rosgraph_msgs4Log_ISaIvEEE
1 1615987606552378160 9758 9758 45 45 none
5 1615987606552478406 9758 9758 45 0 none
7 1615987606990960879 9758 9764 60 54 none
3 1615987606990970223 9758 9763 54 270 none
4 1615987606990993456 9758 9758 270 54 N13rosgraph_msgs4Log_ISaIvEEE
1 1615987606990996277 9758 9758 54 54 none
5 1615987606991024791 9758 9758 54 0 none
7 1615987609552278117 9758 9764 35 46 none
3 1615987609552305500 9758 9763 46 271 none
4 1615987609552386927 9758 9758 271 46 N13rosgraph_msgs4Log_ISaIvEEE
1 1615987609552398045 9758 9758 46 46 none
5 1615987609552507731 9758 9758 46 0 none
7 1615987609809011056 9758 9764 57 27 none
3 1615987609809016655 9758 9763 27 272 none
4 1615987609809032446 9758 9758 272 27 N13rosgraph_msgs4Log_ISaIvEEE
1 1615987609809034350 9758 9758 27 27 none
5 1615987609809056183 9758 9758 27 0 none
7 1615987610027631358 9758 9764 34 26 none
3 1615987610027661703 9758 9763 26 273 none
4 1615987610027745204 9758 9758 273 26 N13rosgraph_msgs4Log_ISaIvEEE
1 1615987610027755297 9758 9758 26 26 none
5 1615987610027864017 9758 9758 26 0 none
7 1615987610034250142 9758 9764 20 51 none
3 1615987610034271283 9758 9763 51 274 none
7 1615987610034301785 9758 9764 20 52 none
3 1615987610034307080 9758 9763 52 275 none
4 1615987610034377525 9758 9758 274 51 N13rosgraph_msgs4Log_ISaIvEEE
1 1615987610034385708 9758 9758 51 51 none
5 1615987610034458067 9758 9758 51 0 none
4 1615987610034474719 9758 9758 275 52 N13rosgraph_msgs4Log_ISaIvEEE
1 1615987610034476847 9758 9758 52 52 none
5 1615987610034504921 9758 9758 52 0 none
7 1615987610120287212 9758 9764 18 27 none
3 1615987610120295864 9758 9763 27 276 none
4 1615987610120343524 9758 9758 276 27 N13rosgraph_msgs4Log_ISaIvEEE
1 1615987610120345830 9758 9758 27 27 none
5 1615987610120371374 9758 9758 27 0 none
7 1615987610338035733 9758 9764 50 27 none
3 1615987610338061111 9758 9763 27 277 none
4 1615987610338161861 9758 9758 277 27 N13rosgraph_msgs4Log_ISaIvEEE
1 1615987610338170919 9758 9758 27 27 none
5 1615987610338274134 9758 9758 27 0 none
7 1615987610620946997 9758 9764 60 55 none
3 1615987610620976274 9758 9763 55 278 none
4 1615987610621078962 9758 9758 278 55 N13rosgraph_msgs4Log_ISaIvEEE
1 1615987610621087927 9758 9758 55 55 none
5 1615987610621173219 9758 9758 55 0 none
7 1615987612030124462 9758 9764 60 56 none
3 1615987612030156290 9758 9763 56 279 none
4 1615987612030255753 9758 9758 279 56 N13rosgraph_msgs4Log_ISaIvEEE
1 1615987612030265128 9758 9758 56 56 none
5 1615987612030346907 9758 9758 56 0 none
7 1615987612552319949 9758 9764 35 47 none
3 1615987612552341967 9758 9763 47 280 none
4 1615987612552423849 9758 9758 280 47 N13rosgraph_msgs4Log_ISaIvEEE
1 1615987612552434809 9758 9758 47 47 none
5 1615987612552523883 9758 9758 47 0 none
7 1615987614818789900 9758 9764 57 28 none
3 1615987614818815634 9758 9763 28 281 none
4 1615987614818919916 9758 9758 281 28 N13rosgraph_msgs4Log_ISaIvEEE
1 1615987614818929199 9758 9758 28 28 none
5 1615987614819020877 9758 9758 28 0 none
7 1615987615038741060 9758 9764 34 27 none
3 1615987615038748463 9758 9763 27 282 none
4 1615987615038791534 9758 9758 282 27 N13rosgraph_msgs4Log_ISaIvEEE
1 1615987615038793875 9758 9758 27 27 none
5 1615987615038822653 9758 9758 27 0 none
7 1615987615045365569 9758 9764 20 53 none
3 1615987615045374006 9758 9763 53 283 none
7 1615987615045385552 9758 9764 20 54 none
3 1615987615045386779 9758 9763 54 284 none
4 1615987615045416820 9758 9758 283 53 N13rosgraph_msgs4Log_ISaIvEEE
1 1615987615045419345 9758 9758 53 53 none
5 1615987615045447411 9758 9758 53 0 none
4 1615987615045451549 9758 9758 284 54 N13rosgraph_msgs4Log_ISaIvEEE
1 1615987615045452065 9758 9758 54 54 none
5 1615987615045467663 9758 9758 54 0 none
7 1615987615131845072 9758 9764 18 28 none
3 1615987615131869618 9758 9763 28 285 none
4 1615987615131985226 9758 9758 285 28 N13rosgraph_msgs4Log_ISaIvEEE
1 1615987615131994120 9758 9758 28 28 none
5 1615987615132074722 9758 9758 28 0 none
7 1615987615351645694 9758 9764 50 28 none
3 1615987615351670970 9758 9763 28 286 none
4 1615987615351789854 9758 9758 286 28 N13rosgraph_msgs4Log_ISaIvEEE
1 1615987615351798589 9758 9758 28 28 none
5 1615987615351879038 9758 9758 28 0 none
7 1615987615572400590 9758 9764 35 48 none
3 1615987615572428328 9758 9763 48 287 none
4 1615987615572536587 9758 9758 287 48 N13rosgraph_msgs4Log_ISaIvEEE
1 1615987615572545765 9758 9758 48 48 none
5 1615987615572630311 9758 9758 48 0 none
7 1615987615663132107 9758 9764 60 57 none
3 1615987615663163421 9758 9763 57 288 none
4 1615987615663266243 9758 9758 288 57 N13rosgraph_msgs4Log_ISaIvEEE
1 1615987615663275717 9758 9758 57 57 none
5 1615987615663365639 9758 9758 57 0 none
7 1615987617074318139 9758 9764 60 58 none
3 1615987617074340912 9758 9763 58 289 none
4 1615987617074452044 9758 9758 289 58 N13rosgraph_msgs4Log_ISaIvEEE
1 1615987617074460995 9758 9758 58 58 none
5 1615987617074536006 9758 9758 58 0 none
7 1615987618592361326 9758 9764 35 49 none
3 1615987618592387157 9758 9763 49 290 none
4 1615987618592486769 9758 9758 290 49 N13rosgraph_msgs4Log_ISaIvEEE
1 1615987618592496044 9758 9758 49 49 none
5 1615987618592584564 9758 9758 49 0 none
7 1615987619828054132 9758 9764 57 29 none
3 1615987619828076586 9758 9763 29 291 none
4 1615987619828188887 9758 9758 291 29 N13rosgraph_msgs4Log_ISaIvEEE
1 1615987619828197897 9758 9758 29 29 none
5 1615987619828281059 9758 9758 29 0 none
7 1615987620050671724 9758 9764 34 28 none
3 1615987620050680200 9758 9763 28 292 none
4 1615987620050737576 9758 9758 292 28 N13rosgraph_msgs4Log_ISaIvEEE
1 1615987620050740048 9758 9758 28 28 none
5 1615987620050778253 9758 9758 28 0 none
7 1615987620056713269 9758 9764 20 55 none
3 1615987620056720600 9758 9763 55 293 none
7 1615987620056731125 9758 9764 20 56 none
3 1615987620056732641 9758 9763 56 294 none
4 1615987620056767948 9758 9758 293 55 N13rosgraph_msgs4Log_ISaIvEEE
1 1615987620056770454 9758 9758 55 55 none
5 1615987620056795070 9758 9758 55 0 none
4 1615987620056799377 9758 9758 294 56 N13rosgraph_msgs4Log_ISaIvEEE
1 1615987620056799924 9758 9758 56 56 none
5 1615987620056807322 9758 9758 56 0 none
7 1615987620143943288 9758 9764 18 29 none
3 1615987620143970275 9758 9763 29 295 none
4 1615987620144066986 9758 9758 295 29 N13rosgraph_msgs4Log_ISaIvEEE
1 1615987620144076088 9758 9758 29 29 none
5 1615987620144158900 9758 9758 29 0 none
7 1615987620368966651 9758 9764 50 29 none
3 1615987620368990080 9758 9763 29 296 none
4 1615987620369122102 9758 9758 296 29 N13rosgraph_msgs4Log_ISaIvEEE
1 1615987620369134022 9758 9758 29 29 none
5 1615987620369241070 9758 9758 29 0 none
7 1615987620701955031 9758 9764 60 59 none
3 1615987620701987767 9758 9763 59 297 none
4 1615987620702094495 9758 9758 297 59 N13rosgraph_msgs4Log_ISaIvEEE
1 1615987620702104350 9758 9758 59 59 none
5 1615987620702190682 9758 9758 59 0 none
9 0 9758 9758 41217 26 none
7 1615987621592311601 9758 9764 35 50 none
3 1615987621592334306 9758 9763 50 298 none
4 1615987621592402884 9758 9758 298 50 N13rosgraph_msgs4Log_ISaIvEEE
1 1615987621592412154 9758 9758 50 50 none
5 1615987621592504961 9758 9758 50 0 none
7 1615987622112955843 9758 9764 60 60 none
3 1615987622112980090 9758 9763 60 299 none
4 1615987622113058813 9758 9758 299 60 N13rosgraph_msgs4Log_ISaIvEEE
1 1615987622113068519 9758 9758 60 60 none
5 1615987622113153141 9758 9758 60 0 none
7 1615987624612403696 9758 9764 35 51 none
3 1615987624612433554 9758 9763 51 300 none
4 1615987624612509630 9758 9758 300 51 N13rosgraph_msgs4Log_ISaIvEEE
1 1615987624612519182 9758 9758 51 51 none
5 1615987624612625265 9758 9758 51 0 none
7 1615987624837915369 9758 9764 57 30 none
3 1615987624837940066 9758 9763 30 301 none
4 1615987624838041949 9758 9758 301 30 N13rosgraph_msgs4Log_ISaIvEEE
1 1615987624838051132 9758 9758 30 30 none
5 1615987624838136044 9758 9758 30 0 none
7 1615987625062071015 9758 9764 34 29 none
3 1615987625062101498 9758 9763 29 302 none
4 1615987625062208337 9758 9758 302 29 N13rosgraph_msgs4Log_ISaIvEEE
1 1615987625062217570 9758 9758 29 29 none
5 1615987625062316411 9758 9758 29 0 none
7 1615987625069126778 9758 9764 20 57 none
3 1615987625069151646 9758 9763 57 303 none
7 1615987625069193631 9758 9764 20 58 none
3 1615987625069199335 9758 9763 58 304 none
4 1615987625069255965 9758 9758 303 57 N13rosgraph_msgs4Log_ISaIvEEE
1 1615987625069297993 9758 9758 57 57 none
5 1615987625069385878 9758 9758 57 0 none
4 1615987625069404913 9758 9758 304 58 N13rosgraph_msgs4Log_ISaIvEEE
1 1615987625069406958 9758 9758 58 58 none
5 1615987625069437323 9758 9758 58 0 none
7 1615987625154484951 9758 9764 18 30 none
3 1615987625154494050 9758 9763 30 305 none
4 1615987625154541036 9758 9758 305 30 N13rosgraph_msgs4Log_ISaIvEEE
1 1615987625154543602 9758 9758 30 30 none
5 1615987625154571308 9758 9758 30 0 none
7 1615987625385012122 9758 9764 50 30 none
3 1615987625385036942 9758 9763 30 306 none
4 1615987625385147061 9758 9758 306 30 N13rosgraph_msgs4Log_ISaIvEEE
1 1615987625385156652 9758 9758 30 30 none
5 1615987625385315762 9758 9758 30 0 none
7 1615987625741226200 9758 9764 60 61 none
3 1615987625741253444 9758 9763 61 307 none
4 1615987625741370629 9758 9758 307 61 N13rosgraph_msgs4Log_ISaIvEEE
1 1615987625741381207 9758 9758 61 61 none
5 1615987625741480584 9758 9758 61 0 none
7 1615987627154757891 9758 9764 60 62 none
3 1615987627154785349 9758 9763 62 308 none
4 1615987627154902315 9758 9758 308 62 N13rosgraph_msgs4Log_ISaIvEEE
1 1615987627154911449 9758 9758 62 62 none
5 1615987627154992782 9758 9758 62 0 none
7 1615987627612458639 9758 9764 35 52 none
3 1615987627612484312 9758 9763 52 309 none
4 1615987627612588025 9758 9758 309 52 N13rosgraph_msgs4Log_ISaIvEEE
1 1615987627612597106 9758 9758 52 52 none
5 1615987627612682137 9758 9758 52 0 none
7 1615987629845731174 9758 9764 57 31 none
3 1615987629845737546 9758 9763 31 310 none
4 1615987629845780219 9758 9758 310 31 N13rosgraph_msgs4Log_ISaIvEEE
1 1615987629845782285 9758 9758 31 31 none
5 1615987629845806536 9758 9758 31 0 none
7 1615987630072322049 9758 9764 34 30 none
3 1615987630072329571 9758 9763 30 311 none
4 1615987630072377950 9758 9758 311 30 N13rosgraph_msgs4Log_ISaIvEEE
1 1615987630072379944 9758 9758 30 30 none
5 1615987630072404841 9758 9758 30 0 none
7 1615987630079207097 9758 9764 20 59 none
3 1615987630079210727 9758 9763 59 312 none
7 1615987630079217684 9758 9764 20 60 none
3 1615987630079218606 9758 9763 60 313 none
4 1615987630079253795 9758 9758 312 59 N13rosgraph_msgs4Log_ISaIvEEE
1 1615987630079255245 9758 9758 59 59 none
5 1615987630079268328 9758 9758 59 0 none
4 1615987630079271284 9758 9758 313 60 N13rosgraph_msgs4Log_ISaIvEEE
1 1615987630079271665 9758 9758 60 60 none
5 1615987630079280278 9758 9758 60 0 none
7 1615987630164147649 9758 9764 18 31 none
3 1615987630164153769 9758 9763 31 314 none
4 1615987630164201467 9758 9758 314 31 N13rosgraph_msgs4Log_ISaIvEEE
1 1615987630164203638 9758 9758 31 31 none
5 1615987630164222726 9758 9758 31 0 none
7 1615987630414624128 9758 9764 50 31 none
3 1615987630414646627 9758 9763 31 315 none
4 1615987630414756695 9758 9758 315 31 N13rosgraph_msgs4Log_ISaIvEEE
1 1615987630414765842 9758 9758 31 31 none
5 1615987630414850783 9758 9758 31 0 none
7 1615987630632359475 9758 9764 35 53 none
3 1615987630632384155 9758 9763 53 316 none
4 1615987630632490313 9758 9758 316 53 N13rosgraph_msgs4Log_ISaIvEEE
1 1615987630632499800 9758 9758 53 53 none
5 1615987630632586018 9758 9758 53 0 none
7 1615987630780209851 9758 9764 60 63 none
3 1615987630780214997 9758 9763 63 317 none
4 1615987630780257938 9758 9758 317 63 N13rosgraph_msgs4Log_ISaIvEEE
1 1615987630780259993 9758 9758 63 63 none
5 1615987630780281620 9758 9758 63 0 none
7 1615987632191555278 9758 9764 60 64 none
3 1615987632191581185 9758 9763 64 318 none
4 1615987632191694554 9758 9758 318 64 N13rosgraph_msgs4Log_ISaIvEEE
1 1615987632191703863 9758 9758 64 64 none
5 1615987632191790824 9758 9758 64 0 none
7 1615987633632378151 9758 9764 35 54 none
3 1615987633632402863 9758 9763 54 319 none
4 1615987633632505242 9758 9758 319 54 N13rosgraph_msgs4Log_ISaIvEEE
1 1615987633632514801 9758 9758 54 54 none
5 1615987633632601368 9758 9758 54 0 none
7 1615987634852566892 9758 9764 57 32 none
3 1615987634852590371 9758 9763 32 320 none
4 1615987634852691952 9758 9758 320 32 N13rosgraph_msgs4Log_ISaIvEEE
1 1615987634852701231 9758 9758 32 32 none
5 1615987634852785924 9758 9758 32 0 none
7 1615987635082357702 9758 9764 34 31 none
3 1615987635082363741 9758 9763 31 321 none
4 1615987635082379624 9758 9758 321 31 N13rosgraph_msgs4Log_ISaIvEEE
1 1615987635082381728 9758 9758 31 31 none
5 1615987635082405025 9758 9758 31 0 none
7 1615987635088917343 9758 9764 20 61 none
3 1615987635088921089 9758 9763 61 322 none
7 1615987635088928077 9758 9764 20 62 none
3 1615987635088929459 9758 9763 62 323 none
4 1615987635088963158 9758 9758 322 61 N13rosgraph_msgs4Log_ISaIvEEE
1 1615987635088964754 9758 9758 61 61 none
5 1615987635088979327 9758 9758 61 0 none
4 1615987635088982396 9758 9758 323 62 N13rosgraph_msgs4Log_ISaIvEEE
1 1615987635088982725 9758 9758 62 62 none
5 1615987635088988197 9758 9758 62 0 none
7 1615987635174657295 9758 9764 18 32 none
3 1615987635174664317 9758 9763 32 324 none
4 1615987635174705222 9758 9758 324 32 N13rosgraph_msgs4Log_ISaIvEEE
1 1615987635174707259 9758 9758 32 32 none
5 1615987635174727317 9758 9758 32 0 none
7 1615987635431476300 9758 9764 50 32 none
3 1615987635431484197 9758 9763 32 325 none
4 1615987635431529397 9758 9758 325 32 N13rosgraph_msgs4Log_ISaIvEEE
1 1615987635431531924 9758 9758 32 32 none
5 1615987635431557362 9758 9758 32 0 none
7 1615987635814337862 9758 9764 60 65 none
3 1615987635814343195 9758 9763 65 326 none
4 1615987635814356756 9758 9758 326 65 N13rosgraph_msgs4Log_ISaIvEEE
1 1615987635814358658 9758 9758 65 65 none
5 1615987635814379385 9758 9758 65 0 none
7 1615987636632392197 9758 9764 35 55 none
3 1615987636632414709 9758 9763 55 327 none
4 1615987636632523397 9758 9758 327 55 N13rosgraph_msgs4Log_ISaIvEEE
1 1615987636632532471 9758 9758 55 55 none
5 1615987636632617500 9758 9758 55 0 none
7 1615987637226088905 9758 9764 60 66 none
3 1615987637226116719 9758 9763 66 328 none
4 1615987637226217618 9758 9758 328 66 N13rosgraph_msgs4Log_ISaIvEEE
1 1615987637226226921 9758 9758 66 66 none
5 1615987637226328410 9758 9758 66 0 none
7 1615987639651974539 9758 9764 35 56 none
3 1615987639651979922 9758 9763 56 329 none
4 1615987639651995965 9758 9758 329 56 N13rosgraph_msgs4Log_ISaIvEEE
1 1615987639651997930 9758 9758 56 56 none
5 1615987639652018429 9758 9758 56 0 none
7 1615987639858262908 9758 9764 57 33 none
3 1615987639858268480 9758 9763 33 330 none
4 1615987639858317081 9758 9758 330 33 N13rosgraph_msgs4Log_ISaIvEEE
1 1615987639858319138 9758 9758 33 33 none
5 1615987639858341396 9758 9758 33 0 none
7 1615987640091561179 9758 9764 34 32 none
3 1615987640091568862 9758 9763 32 331 none
4 1615987640091587308 9758 9758 331 32 N13rosgraph_msgs4Log_ISaIvEEE
1 1615987640091589658 9758 9758 32 32 none
5 1615987640091619652 9758 9758 32 0 none
7 1615987640098760781 9758 9764 20 63 none
3 1615987640098768406 9758 9763 63 332 none
7 1615987640098779199 9758 9764 20 64 none
3 1615987640098780442 9758 9763 64 333 none
4 1615987640098793263 9758 9758 332 63 N13rosgraph_msgs4Log_ISaIvEEE
1 1615987640098796045 9758 9758 63 63 none
5 1615987640098826693 9758 9758 63 0 none
4 1615987640098831743 9758 9758 333 64 N13rosgraph_msgs4Log_ISaIvEEE
1 1615987640098832255 9758 9758 64 64 none
5 1615987640098844744 9758 9758 64 0 none
7 1615987640184415948 9758 9764 18 33 none
3 1615987640184443810 9758 9763 33 334 none
4 1615987640184550298 9758 9758 334 33 N13rosgraph_msgs4Log_ISaIvEEE
1 1615987640184559564 9758 9758 33 33 none
5 1615987640184665835 9758 9758 33 0 none
7 1615987640467716303 9758 9764 50 33 none
3 1615987640467722181 9758 9763 33 335 none
4 1615987640467768298 9758 9758 335 33 N13rosgraph_msgs4Log_ISaIvEEE
1 1615987640467770308 9758 9758 33 33 none
5 1615987640467788795 9758 9758 33 0 none
7 1615987640847949462 9758 9764 60 67 none
3 1615987640847955075 9758 9763 67 336 none
4 1615987640848003990 9758 9758 336 67 N13rosgraph_msgs4Log_ISaIvEEE
1 1615987640848006216 9758 9758 67 67 none
5 1615987640848027580 9758 9758 67 0 none
9 0 9758 9758 41217 26 none
7 1615987642254417190 9758 9764 60 68 none
3 1615987642254441551 9758 9763 68 337 none
4 1615987642254542745 9758 9758 337 68 N13rosgraph_msgs4Log_ISaIvEEE
1 1615987642254552026 9758 9758 68 68 none
5 1615987642254632335 9758 9758 68 0 none
7 1615987642672356821 9758 9764 35 57 none
3 1615987642672380339 9758 9763 57 338 none
4 1615987642672451705 9758 9758 338 57 N13rosgraph_msgs4Log_ISaIvEEE
1 1615987642672460890 9758 9758 57 57 none
5 1615987642672544158 9758 9758 57 0 none
