9 0 9823 9823 11311 3 none
10 0 9823 9823 55739 8 none
10 0 9823 9823 57900 9 none
10 0 9823 9823 37109 10 none
8 0 9823 9842 43070 10 none
8 0 9823 9842 43078 10 none
9 0 9823 9823 39613 13 none
8 0 9823 9842 34492 8 none
7 1615987474352826347 9823 9841 14 16 none
9 0 9823 9823 39691 11 none
7 1615987474461408038 9823 9841 11 33 none
7 1615987474461444165 9823 9841 11 0 none
7 1615987474461473934 9823 9841 11 875901239 none
7 1615987474461489621 9823 9841 11 43909123 none
3 1615987474461509813 9823 9841 0 0 none
4 1615987474461606564 9823 9823 0 0 N22autoware_lanelet2_msgs7MapBin_ISaIvEEE
0 1615987474558816292 9823 9843 0 0 none
2 1615987474558851669 9823 9841 0 0 none
6 1615987474558871094 9823 9841 0 0 none
0 1615987474570163080 9823 9843 0 1 none
2 1615987474570191340 9823 9841 1 1 none
1 1615987474569681595 9823 9823 245 245 none
5 1615987474572590225 9823 9823 0 0 none
8 0 9823 9842 43956 10 none
8 0 9823 9842 35228 8 none
7 1615987475697028286 9823 9841 15 14 none
6 1615987475697065144 9823 9841 40 40 none
6 1615987475697078972 9823 9841 1 1 none
