9 0 9949 9949 11311 3 none
10 0 9949 9949 51213 8 none
10 0 9949 9949 44712 9 none
10 0 9949 9949 36193 10 none
9 0 9949 9949 39453 11 none
9 0 9949 9949 35231 12 none
9 0 9949 9949 35231 13 none
8 0 9949 9977 36752 10 none
9 0 9949 9949 39613 15 none
8 0 9949 9977 36896 10 none
9 0 9949 9949 41369 17 none
9 0 9949 9949 34629 18 none
9 0 9949 9949 39123 19 none
7 1615987474585513896 9949 9977 18 35 none
9 0 9949 9949 39123 20 none
9 0 9949 9949 39691 21 none
7 1615987474586343222 9949 9977 19 31 none
7 1615987474586354599 9949 9977 20 31 none
7 1615987474586363282 9949 9977 20 0 none
3 1615987474586396542 9949 9976 0 0 none
7 1615987474586422523 9949 9977 21 33 none
7 1615987474586458517 9949 9977 21 0 none
7 1615987474586488033 9949 9977 21 20905987 none
7 1615987474586495723 9949 9977 21 0 none
3 1615987474586499246 9949 9976 0 1 none
4 1615987474586612067 9949 9996 0 0 N8tf2_msgs10TFMessage_ISaIvEEE
5 1615987474586618681 9949 9996 0 0 none
8 0 9949 9977 37064 10 none
9 0 9949 9949 39685 12 none
4 1615987474606094152 9949 9996 1 0 N22autoware_lanelet2_msgs7MapBin_ISaIvEEE
8 0 9949 9977 37496 8 none
7 1615987474609140895 9949 9977 13 16 none
0 1615987474609767617 9949 9978 0 0 none
0 1615987474609781435 9949 9978 0 1 none
2 1615987474609795175 9949 9976 0 0 none
2 1615987474609802046 9949 9976 1 1 none
6 1615987474609807427 9949 9976 0 0 none
6 1615987474609825354 9949 9976 1 1 none
9 0 9949 9949 38427 14 none
6 1615987474735244526 9949 9976 87 87 none
7 1615987474735810228 9949 9977 14 87 none
8 0 9949 9977 37286 10 none
9 0 9949 9949 42505 17 none
6 1615987474925321719 9949 9976 87 87 none
7 1615987474925405949 9949 9977 17 30 none
7 1615987474925418578 9949 9977 17 0 none
3 1615987474925424586 9949 9976 0 2 none
4 1615987474925446763 9949 9996 2 0 N8tf2_msgs10TFMessage_ISaIvEEE
5 1615987474925450769 9949 9996 0 0 none
8 0 9949 9977 37778 8 none
7 1615987474926991601 9949 9977 12 34 none
6 1615987474927015477 9949 9976 87 87 none
5 1615987475865313978 9949 9996 0 0 none
0 1615987475966083875 9949 9978 0 2 none
2 1615987475966107972 9949 9976 2 2 none
6 1615987475966121046 9949 9976 2 2 none
0 1615987479586995900 9949 9978 0 3 none
2 1615987479587096536 9949 9976 3 3 none
6 1615987479587165332 9949 9976 3 3 none
0 1615987480996510115 9949 9978 0 4 none
2 1615987480996569161 9949 9976 4 4 none
6 1615987480996577484 9949 9976 4 4 none
0 1615987484623229803 9949 9978 0 5 none
2 1615987484623252793 9949 9976 5 5 none
6 1615987484623264070 9949 9976 5 5 none
0 1615987486032492191 9949 9978 0 6 none
2 1615987486032519475 9949 9976 6 6 none
6 1615987486032534980 9949 9976 6 6 none
0 1615987489660563310 9949 9978 0 7 none
2 1615987489660656259 9949 9976 7 7 none
6 1615987489660706991 9949 9976 7 7 none
0 1615987491070525204 9949 9978 0 8 none
2 1615987491070579879 9949 9976 8 8 none
6 1615987491070590925 9949 9976 8 8 none
0 1615987494702560167 9949 9978 0 9 none
2 1615987494702662303 9949 9976 9 9 none
6 1615987494702706327 9949 9976 9 9 none
0 1615987496113917624 9949 9978 0 10 none
2 1615987496113984926 9949 9976 10 10 none
6 1615987496114029562 9949 9976 10 10 none
0 1615987499745049451 9949 9978 0 11 none
2 1615987499745130340 9949 9976 11 11 none
6 1615987499745175039 9949 9976 11 11 none
0 1615987501157356965 9949 9978 0 12 none
2 1615987501157477182 9949 9976 12 12 none
6 1615987501157521820 9949 9976 12 12 none
0 1615987504782259170 9949 9978 0 13 none
2 1615987504782371498 9949 9976 13 13 none
6 1615987504782415541 9949 9976 13 13 none
0 1615987506194070937 9949 9978 0 14 none
2 1615987506194148852 9949 9976 14 14 none
6 1615987506194197136 9949 9976 14 14 none
0 1615987509821061269 9949 9978 0 15 none
2 1615987509821075702 9949 9976 15 15 none
6 1615987509821084862 9949 9976 15 15 none
0 1615987511231141950 9949 9978 0 16 none
2 1615987511231215728 9949 9976 16 16 none
6 1615987511231257965 9949 9976 16 16 none
0 1615987514856116304 9949 9978 0 17 none
2 1615987514856168544 9949 9976 17 17 none
6 1615987514856180063 9949 9976 17 17 none
0 1615987516268477891 9949 9978 0 18 none
2 1615987516268591826 9949 9976 18 18 none
6 1615987516268636198 9949 9976 18 18 none
0 1615987519894592410 9949 9978 0 19 none
2 1615987519894610094 9949 9976 19 19 none
6 1615987519894619679 9949 9976 19 19 none
0 1615987521307141480 9949 9978 0 20 none
2 1615987521307197005 9949 9976 20 20 none
6 1615987521307211045 9949 9976 20 20 none
0 1615987524936138102 9949 9978 0 21 none
2 1615987524936199510 9949 9976 21 21 none
6 1615987524936208160 9949 9976 21 21 none
0 1615987526348005591 9949 9978 0 22 none
2 1615987526348129634 9949 9976 22 22 none
6 1615987526348175071 9949 9976 22 22 none
0 1615987529975519675 9949 9978 0 23 none
2 1615987529975560316 9949 9976 23 23 none
6 1615987529975585307 9949 9976 23 23 none
0 1615987531385234427 9949 9978 0 24 none
2 1615987531385254964 9949 9976 24 24 none
6 1615987531385297063 9949 9976 24 24 none
0 1615987535011117267 9949 9978 0 25 none
2 1615987535011132573 9949 9976 25 25 none
6 1615987535011158106 9949 9976 25 25 none
0 1615987536417846377 9949 9978 0 26 none
2 1615987536417857720 9949 9976 26 26 none
6 1615987536417866576 9949 9976 26 26 none
0 1615987540043923052 9949 9978 0 27 none
2 1615987540043951978 9949 9976 27 27 none
6 1615987540043961801 9949 9976 27 27 none
0 1615987541455177791 9949 9978 0 28 none
2 1615987541455193656 9949 9976 28 28 none
6 1615987541455204204 9949 9976 28 28 none
0 1615987545085131924 9949 9978 0 29 none
2 1615987545085253424 9949 9976 29 29 none
6 1615987545085350501 9949 9976 29 29 none
0 1615987546494348298 9949 9978 0 30 none
2 1615987546494460492 9949 9976 30 30 none
6 1615987546494504500 9949 9976 30 30 none
0 1615987550121513308 9949 9978 0 31 none
2 1615987550121559052 9949 9976 31 31 none
6 1615987550121570813 9949 9976 31 31 none
0 1615987551534085047 9949 9978 0 32 none
2 1615987551534132009 9949 9976 32 32 none
6 1615987551534144528 9949 9976 32 32 none
0 1615987555161440865 9949 9978 0 33 none
2 1615987555161466284 9949 9976 33 33 none
6 1615987555161480039 9949 9976 33 33 none
0 1615987556573186400 9949 9978 0 34 none
2 1615987556573314625 9949 9976 34 34 none
6 1615987556573376611 9949 9976 34 34 none
0 1615987560201993361 9949 9978 0 35 none
2 1615987560202065531 9949 9976 35 35 none
6 1615987560202108789 9949 9976 35 35 none
0 1615987561616658120 9949 9978 0 36 none
2 1615987561616769344 9949 9976 36 36 none
6 1615987561616814362 9949 9976 36 36 none
0 1615987565243674599 9949 9978 0 37 none
2 1615987565243742540 9949 9976 37 37 none
6 1615987565243755184 9949 9976 37 37 none
0 1615987566656878290 9949 9978 0 38 none
2 1615987566656951844 9949 9976 38 38 none
6 1615987566656997358 9949 9976 38 38 none
0 1615987570290679790 9949 9978 0 39 none
2 1615987570290755393 9949 9976 39 39 none
6 1615987570290808770 9949 9976 39 39 none
0 1615987571704304419 9949 9978 0 40 none
2 1615987571704404180 9949 9976 40 40 none
6 1615987571704444970 9949 9976 40 40 none
0 1615987575335564907 9949 9978 0 41 none
2 1615987575335655918 9949 9976 41 41 none
6 1615987575335710514 9949 9976 41 41 none
0 1615987576750476648 9949 9978 0 42 none
2 1615987576750576418 9949 9976 42 42 none
6 1615987576750620166 9949 9976 42 42 none
0 1615987580380615164 9949 9978 0 43 none
2 1615987580380729426 9949 9976 43 43 none
6 1615987580380772730 9949 9976 43 43 none
0 1615987581794178217 9949 9978 0 44 none
2 1615987581794293212 9949 9976 44 44 none
6 1615987581794336760 9949 9976 44 44 none
0 1615987585428465772 9949 9978 0 45 none
2 1615987585428561175 9949 9976 45 45 none
6 1615987585428602730 9949 9976 45 45 none
0 1615987586838827620 9949 9978 0 46 none
2 1615987586838896263 9949 9976 46 46 none
6 1615987586838942037 9949 9976 46 46 none
0 1615987590466013645 9949 9978 0 47 none
2 1615987590466077257 9949 9976 47 47 none
6 1615987590466088723 9949 9976 47 47 none
0 1615987591878768139 9949 9978 0 48 none
2 1615987591878847369 9949 9976 48 48 none
6 1615987591878902115 9949 9976 48 48 none
0 1615987595506215783 9949 9978 0 49 none
2 1615987595506299318 9949 9976 49 49 none
6 1615987595506347511 9949 9976 49 49 none
0 1615987596920252429 9949 9978 0 50 none
2 1615987596920323815 9949 9976 50 50 none
6 1615987596920372792 9949 9976 50 50 none
0 1615987600545994941 9949 9978 0 51 none
2 1615987600546026789 9949 9976 51 51 none
6 1615987600546051157 9949 9976 51 51 none
0 1615987601956313883 9949 9978 0 52 none
2 1615987601956350733 9949 9976 52 52 none
6 1615987601956363634 9949 9976 52 52 none
0 1615987605579243078 9949 9978 0 53 none
2 1615987605579305231 9949 9976 53 53 none
6 1615987605579314559 9949 9976 53 53 none
0 1615987606990876648 9949 9978 0 54 none
2 1615987606990904785 9949 9976 54 54 none
6 1615987606990919368 9949 9976 54 54 none
0 1615987610620676573 9949 9978 0 55 none
2 1615987610620792184 9949 9976 55 55 none
6 1615987610620837084 9949 9976 55 55 none
0 1615987612029859532 9949 9978 0 56 none
2 1615987612029967214 9949 9976 56 56 none
6 1615987612030012729 9949 9976 56 56 none
0 1615987615662844084 9949 9978 0 57 none
2 1615987615662968205 9949 9976 57 57 none
6 1615987615663012477 9949 9976 57 57 none
0 1615987617074034796 9949 9978 0 58 none
2 1615987617074136080 9949 9976 58 58 none
6 1615987617074181567 9949 9976 58 58 none
0 1615987620701694216 9949 9978 0 59 none
2 1615987620701770891 9949 9976 59 59 none
6 1615987620701825510 9949 9976 59 59 none
0 1615987622112662086 9949 9978 0 60 none
2 1615987622112769007 9949 9976 60 60 none
6 1615987622112813595 9949 9976 60 60 none
0 1615987625741011917 9949 9978 0 61 none
2 1615987625741084491 9949 9976 61 61 none
6 1615987625741127987 9949 9976 61 61 none
0 1615987627154545043 9949 9978 0 62 none
2 1615987627154612483 9949 9976 62 62 none
6 1615987627154666459 9949 9976 62 62 none
0 1615987630780129833 9949 9978 0 63 none
2 1615987630780176276 9949 9976 63 63 none
6 1615987630780187740 9949 9976 63 63 none
0 1615987632191242885 9949 9978 0 64 none
2 1615987632191367792 9949 9976 64 64 none
6 1615987632191411483 9949 9976 64 64 none
0 1615987635814263765 9949 9978 0 65 none
2 1615987635814276831 9949 9976 65 65 none
6 1615987635814285857 9949 9976 65 65 none
0 1615987637225801329 9949 9978 0 66 none
2 1615987637225881330 9949 9976 66 66 none
6 1615987637225936307 9949 9976 66 66 none
0 1615987640847864262 9949 9978 0 67 none
2 1615987640847916095 9949 9976 67 67 none
6 1615987640847925467 9949 9976 67 67 none
0 1615987642254123858 9949 9978 0 68 none
2 1615987642254238271 9949 9976 68 68 none
6 1615987642254281212 9949 9976 68 68 none
