9 0 9838 9838 11311 3 none
10 0 9838 9838 51355 8 none
10 0 9838 9838 33085 9 none
10 0 9838 9838 42831 10 none
9 0 9838 9838 39453 11 none
9 0 9838 9838 35231 12 none
9 0 9838 9838 35231 13 none
8 0 9838 9877 59812 10 none
8 0 9838 9877 59824 10 none
8 0 9838 9877 60036 10 none
9 0 9838 9838 34629 17 none
9 0 9838 9838 39123 18 none
7 1615987474428354221 9838 9877 17 35 none
9 0 9838 9838 39123 19 none
7 1615987474428771237 9838 9877 18 31 none
7 1615987474428781924 9838 9877 19 31 none
7 1615987474428790573 9838 9877 19 0 none
3 1615987474428816470 9838 9876 0 0 none
4 1615987474428861593 9838 9885 0 0 N8tf2_msgs10TFMessage_ISaIvEEE
5 1615987474428869175 9838 9885 0 0 none
8 0 9838 9877 42104 8 none
7 1615987474454948724 9838 9877 11 37 none
8 0 9838 9877 42122 8 none
7 1615987474457600335 9838 9877 12 16 none
8 0 9838 9877 60186 10 none
9 0 9838 9838 39685 14 none
8 0 9838 9877 60198 10 none
8 0 9838 9877 42378 8 none
7 1615987474617225620 9838 9877 20 93 none
8 0 9838 9877 60418 10 none
9 0 9838 9838 42505 21 none
7 1615987474700091618 9838 9877 21 30 none
7 1615987474700102776 9838 9877 21 0 none
3 1615987474700109725 9838 9876 0 1 none
4 1615987474700133915 9838 9885 1 0 N8tf2_msgs10TFMessage_ISaIvEEE
5 1615987474700137988 9838 9885 0 0 none
8 0 9838 9877 60428 10 none
8 0 9838 9877 42472 8 none
7 1615987474719035560 9838 9877 15 91 none
0 1615987474809064587 9838 9878 0 0 none
2 1615987474809131543 9838 9876 0 0 none
6 1615987474809148078 9838 9876 0 0 none
8 0 9838 9877 42612 8 none
7 1615987474896341686 9838 9877 22 62 none
6 1615987474896377550 9838 9876 47 47 none
8 0 9838 9877 42634 8 none
7 1615987474991274788 9838 9877 14 87 none
6 1615987474991306600 9838 9876 47 47 none
8 0 9838 9877 60670 10 none
8 0 9838 9877 42730 8 none
7 1615987475697605379 9838 9877 23 14 none
6 1615987475697650987 9838 9876 47 47 none
8 0 9838 9877 60798 10 none
9 0 9838 9838 44425 24 none
9 0 9838 9838 37787 25 none
6 1615987476501937000 9838 9876 47 47 none
7 1615987476502378494 9838 9877 25 14 none
0 1615987479833319189 9838 9878 0 1 none
2 1615987479833385079 9838 9876 1 1 none
6 1615987479833415526 9838 9876 1 1 none
0 1615987484868908338 9838 9878 0 2 none
2 1615987484869029343 9838 9876 2 2 none
6 1615987484869074087 9838 9876 2 2 none
0 1615987489883994669 9838 9878 0 3 none
2 1615987489884047769 9838 9876 3 3 none
6 1615987489884058337 9838 9876 3 3 none
0 1615987494897871918 9838 9878 0 4 none
2 1615987494897916205 9838 9876 4 4 none
6 1615987494897932378 9838 9876 4 4 none
0 1615987499920148079 9838 9878 0 5 none
2 1615987499920250428 9838 9876 5 5 none
6 1615987499920293908 9838 9876 5 5 none
0 1615987504934304397 9838 9878 0 6 none
2 1615987504934317071 9838 9876 6 6 none
6 1615987504934326085 9838 9876 6 6 none
0 1615987509953080489 9838 9878 0 7 none
2 1615987509953106072 9838 9876 7 7 none
6 1615987509953120847 9838 9876 7 7 none
0 1615987514975076996 9838 9878 0 8 none
2 1615987514975156720 9838 9876 8 8 none
6 1615987514975216547 9838 9876 8 8 none
0 1615987519990748669 9838 9878 0 9 none
2 1615987519990779073 9838 9876 9 9 none
6 1615987519990796518 9838 9876 9 9 none
0 1615987525010095569 9838 9878 0 10 none
2 1615987525010150443 9838 9876 10 10 none
6 1615987525010159858 9838 9876 10 10 none
0 1615987530028186709 9838 9878 0 11 none
2 1615987530028260740 9838 9876 11 11 none
6 1615987530028270434 9838 9876 11 11 none
0 1615987535050437035 9838 9878 0 12 none
2 1615987535050448109 9838 9876 12 12 none
6 1615987535050458250 9838 9876 12 12 none
0 1615987540075494487 9838 9878 0 13 none
2 1615987540075506635 9838 9876 13 13 none
6 1615987540075515709 9838 9876 13 13 none
0 1615987545091970507 9838 9878 0 14 none
2 1615987545092087743 9838 9876 14 14 none
6 1615987545092133877 9838 9876 14 14 none
0 1615987550113255400 9838 9878 0 15 none
2 1615987550113289953 9838 9876 15 15 none
6 1615987550113304971 9838 9876 15 15 none
0 1615987555137300634 9838 9878 0 16 none
2 1615987555137413108 9838 9876 16 16 none
6 1615987555137459076 9838 9876 16 16 none
0 1615987560155656448 9838 9878 0 17 none
2 1615987560155730048 9838 9876 17 17 none
6 1615987560155775206 9838 9876 17 17 none
0 1615987565171900331 9838 9878 0 18 none
2 1615987565171967602 9838 9876 18 18 none
6 1615987565172012131 9838 9876 18 18 none
0 1615987570189187351 9838 9878 0 19 none
2 1615987570189361499 9838 9876 19 19 none
6 1615987570189410414 9838 9876 19 19 none
0 1615987575209951231 9838 9878 0 20 none
2 1615987575210036350 9838 9876 20 20 none
6 1615987575210090688 9838 9876 20 20 none
0 1615987580227117228 9838 9878 0 21 none
2 1615987580227230445 9838 9876 21 21 none
6 1615987580227276761 9838 9876 21 21 none
0 1615987585241378961 9838 9878 0 22 none
2 1615987585241458452 9838 9876 22 22 none
6 1615987585241506895 9838 9876 22 22 none
0 1615987590256572693 9838 9878 0 23 none
2 1615987590256672480 9838 9876 23 23 none
6 1615987590256716979 9838 9876 23 23 none
0 1615987595274039902 9838 9878 0 24 none
2 1615987595274109136 9838 9876 24 24 none
6 1615987595274155407 9838 9876 24 24 none
0 1615987600295148080 9838 9878 0 25 none
2 1615987600295198656 9838 9876 25 25 none
6 1615987600295209263 9838 9876 25 25 none
0 1615987605321337051 9838 9878 0 26 none
2 1615987605321364308 9838 9876 26 26 none
6 1615987605321378263 9838 9876 26 26 none
0 1615987610337732896 9838 9878 0 27 none
2 1615987610337854854 9838 9876 27 27 none
6 1615987610337904989 9838 9876 27 27 none
0 1615987615351414926 9838 9878 0 28 none
2 1615987615351479543 9838 9876 28 28 none
6 1615987615351522353 9838 9876 28 28 none
0 1615987620368645399 9838 9878 0 29 none
2 1615987620368760222 9838 9876 29 29 none
6 1615987620368807167 9838 9876 29 29 none
0 1615987625384703359 9838 9878 0 30 none
2 1615987625384817339 9838 9876 30 30 none
6 1615987625384863590 9838 9876 30 30 none
0 1615987630414333775 9838 9878 0 31 none
2 1615987630414427862 9838 9876 31 31 none
6 1615987630414476447 9838 9876 31 31 none
0 1615987635431333647 9838 9878 0 32 none
2 1615987635431400089 9838 9876 32 32 none
6 1615987635431413595 9838 9876 32 32 none
0 1615987640467587684 9838 9878 0 33 none
2 1615987640467650104 9838 9876 33 33 none
6 1615987640467659484 9838 9876 33 33 none
