9 0 9846 9846 11311 3 none
10 0 9846 9846 53907 8 none
10 0 9846 9846 58117 9 none
10 0 9846 9846 37219 10 none
8 0 9846 9863 56128 10 none
8 0 9846 9863 56150 10 none
8 0 9846 9863 56152 10 none
8 0 9846 9863 56176 10 none
8 0 9846 9863 56178 10 none
8 0 9846 9863 56180 10 none
9 0 9846 9846 42831 17 none
8 0 9846 9863 43282 8 none
7 1615987474453795007 9846 9862 18 39 none
8 0 9846 9863 43290 8 none
9 0 9846 9846 51355 14 none
7 1615987474455001114 9846 9862 14 47 none
8 0 9846 9863 43312 8 none
7 1615987474456995786 9846 9862 17 16 none
8 0 9846 9863 43342 8 none
8 0 9846 9863 43346 8 none
7 1615987474460977514 9846 9862 20 69 none
7 1615987474461022711 9846 9862 21 69 none
7 1615987474461368770 9846 9862 19 111 none
