9 0 9820 9820 11311 3 none
10 0 9820 9820 39691 8 none
10 0 9820 9820 32779 9 none
10 0 9820 9820 39613 10 none
8 0 9820 9833 47268 10 none
0 1615987474186714223 9820 9820 0 0 none
1 1615987474186683912 9820 9820 0 0 none
2 1615987474186739686 9820 9832 0 0 none
8 0 9820 9833 47318 10 none
8 0 9820 9833 47370 10 none
8 0 9820 9833 47372 10 none
8 0 9820 9833 47398 10 none
8 0 9820 9833 47406 10 none
8 0 9820 9833 34942 8 none
7 1615987474352625745 9820 9832 17 16 none
6 1615987474352681605 9820 9832 33 33 none
8 0 9820 9833 47524 10 none
8 0 9820 9833 47540 10 none
8 0 9820 9833 35044 8 none
8 0 9820 9833 35064 8 none
7 1615987474457835051 9820 9832 19 71 none
6 1615987474457865185 9820 9832 33 33 none
6 1615987474457881202 9820 9832 0 0 none
8 0 9820 9833 47628 10 none
7 1615987474461318057 9820 9832 14 40 none
6 1615987474461348432 9820 9832 33 33 none
6 1615987474461354804 9820 9832 0 0 none
8 0 9820 9833 35130 8 none
7 1615987474474532933 9820 9832 11 79 none
6 1615987474474567269 9820 9832 33 33 none
6 1615987474474582896 9820 9832 0 0 none
8 0 9820 9833 35190 8 none
7 1615987474533556605 9820 9832 13 51 none
6 1615987474533581922 9820 9832 33 33 none
6 1615987474533595620 9820 9832 0 0 none
8 0 9820 9833 35232 8 none
7 1615987474583199525 9820 9832 15 54 none
6 1615987474583228147 9820 9832 33 33 none
6 1615987474583239135 9820 9832 0 0 none
8 0 9820 9833 35240 8 none
7 1615987474586261383 9820 9832 16 87 none
6 1615987474586281091 9820 9832 33 33 none
6 1615987474586289466 9820 9832 0 0 none
8 0 9820 9833 35254 8 none
7 1615987474599978885 9820 9832 12 87 none
6 1615987474599998284 9820 9832 33 33 none
6 1615987474600008964 9820 9832 0 0 none
8 0 9820 9833 35334 8 none
7 1615987474617535629 9820 9832 18 93 none
6 1615987474617565124 9820 9832 33 33 none
6 1615987474617572603 9820 9832 0 0 none
8 0 9820 9833 47980 10 none
8 0 9820 9833 35568 8 none
7 1615987474896570977 9820 9832 21 62 none
6 1615987474896600753 9820 9832 33 33 none
6 1615987474896608388 9820 9832 0 0 none
