9 0 9922 9922 11311 3 none
10 0 9922 9922 55457 8 none
10 0 9922 9922 53002 9 none
10 0 9922 9922 41597 10 none
9 0 9922 9922 39453 11 none
9 0 9922 9922 35231 12 none
9 0 9922 9922 35231 13 none
9 0 9922 9922 39613 14 none
8 0 9922 9930 59376 10 none
8 0 9922 9930 59420 10 none
8 0 9922 9930 59434 10 none
8 0 9922 9930 59438 10 none
8 0 9922 9930 59520 10 none
8 0 9922 9930 49660 8 none
7 1615987474458812598 9922 9929 20 16 none
8 0 9922 9930 59688 10 none
9 0 9922 9922 34629 21 none
9 0 9922 9922 39123 22 none
9 0 9922 9922 39123 23 none
9 0 9922 9922 39691 24 none
7 1615987474533560725 9922 9929 21 35 none
7 1615987474533652197 9922 9929 24 33 none
7 1615987474533695725 9922 9929 24 0 none
7 1615987474533701535 9922 9929 22 31 none
7 1615987474533738262 9922 9929 24 20905987 none
7 1615987474533743213 9922 9929 23 31 none
7 1615987474533750320 9922 9929 23 0 none
3 1615987474533789961 9922 9929 0 0 none
7 1615987474533824427 9922 9929 24 0 none
4 1615987474533864607 9922 9933 0 0 N8tf2_msgs10TFMessage_ISaIvEEE
5 1615987474533874773 9922 9933 0 0 none
3 1615987474533827582 9922 9929 0 1 none
4 1615987474533906192 9922 9933 1 0 N22autoware_lanelet2_msgs7MapBin_ISaIvEEE
8 0 9922 9930 59708 10 none
9 0 9922 9922 39685 12 none
8 0 9922 9930 49794 8 none
7 1615987474575704094 9922 9929 13 79 none
8 0 9922 9930 49806 8 none
7 1615987474583204278 9922 9929 14 54 none
8 0 9922 9930 49828 8 none
7 1615987474600259444 9922 9929 15 87 none
8 0 9922 9930 49842 8 none
7 1615987474604030638 9922 9929 17 39 none
8 0 9922 9930 49950 8 none
7 1615987474673165145 9922 9929 16 62 none
9 0 9922 9922 42505 18 none
7 1615987474773612502 9922 9929 18 30 none
7 1615987474773626227 9922 9929 18 0 none
3 1615987474773632704 9922 9929 0 2 none
4 1615987474773650801 9922 9933 2 0 N8tf2_msgs10TFMessage_ISaIvEEE
5 1615987474773655844 9922 9933 0 0 none
5 1615987475511072804 9922 9933 0 0 none
8 0 9922 9930 60220 10 none
8 0 9922 9930 50318 8 none
7 1615987476199093069 9922 9929 19 14 none
8 0 9922 9930 60276 10 none
9 0 9922 9922 44425 25 none
9 0 9922 9922 44425 26 none
9 0 9922 9922 37787 27 none
9 0 9922 9922 37787 28 none
7 1615987476502564333 9922 9929 27 14 none
7 1615987476502576872 9922 9929 28 14 none
8 0 9922 9930 60508 10 none
