9 0 9925 9925 11311 3 none
10 0 9925 9925 49205 8 none
10 0 9925 9925 42521 9 none
10 0 9925 9925 34805 10 none
9 0 9925 9925 39453 11 none
9 0 9925 9925 35231 12 none
9 0 9925 9925 35231 13 none
0 1615987474307813236 9925 9925 0 0 none
1 1615987474307768187 9925 9925 1 1 none
2 1615987474307840359 9925 9942 0 0 none
8 0 9925 9943 59004 10 none
0 1615987474367977425 9925 9925 0 1 none
2 1615987474368003058 9925 9942 1 1 none
1 1615987474367968586 9925 9925 0 0 none
9 0 9925 9925 38069 15 none
8 0 9925 9943 59184 10 none
8 0 9925 9943 59192 10 none
9 0 9925 9925 34629 18 none
6 1615987474600719319 9925 9942 62 62 none
9 0 9925 9925 39123 19 none
9 0 9925 9925 39123 20 none
6 1615987474601598897 9925 9942 62 62 none
7 1615987474601627308 9925 9943 18 35 none
6 1615987474601658413 9925 9942 62 62 none
8 0 9925 9943 44016 8 none
7 1615987474601969079 9925 9943 11 35 none
7 1615987474602002592 9925 9943 19 31 none
7 1615987474602008590 9925 9943 20 31 none
7 1615987474602014884 9925 9943 20 0 none
3 1615987474602048858 9925 9942 0 0 none
6 1615987474602075971 9925 9942 62 62 none
4 1615987474602299377 9925 9948 0 0 N8tf2_msgs10TFMessage_ISaIvEEE
5 1615987474602309211 9925 9948 0 0 none
8 0 9925 9943 59328 10 none
9 0 9925 9925 39685 13 none
8 0 9925 9943 44040 8 none
7 1615987474607620818 9925 9943 16 16 none
6 1615987474607653670 9925 9942 62 62 none
0 1615987474690043693 9925 9925 0 2 none
1 1615987474690035304 9925 9925 0 0 none
2 1615987474690064693 9925 9942 2 2 none
8 0 9925 9943 59452 10 none
8 0 9925 9943 44164 8 none
9 0 9925 9925 59593 17 none
6 1615987474731892100 9925 9942 62 62 none
7 1615987474732372778 9925 9943 21 39 none
6 1615987474732397212 9925 9942 62 62 none
7 1615987474734346874 9925 9943 17 54 none
8 0 9925 9943 59564 10 none
9 0 9925 9925 42505 22 none
6 1615987474873332815 9925 9942 62 62 none
7 1615987474873485092 9925 9943 22 30 none
7 1615987474873495754 9925 9943 22 0 none
3 1615987474873500623 9925 9942 0 1 none
4 1615987474873519403 9925 9948 1 0 N8tf2_msgs10TFMessage_ISaIvEEE
5 1615987474873523192 9925 9948 0 0 none
8 0 9925 9943 44306 8 none
7 1615987474891160406 9925 9943 13 57 none
6 1615987474891189755 9925 9942 62 62 none
8 0 9925 9943 44348 8 none
7 1615987474993562715 9925 9943 14 50 none
6 1615987474993596273 9925 9942 62 62 none
8 0 9925 9943 59796 10 none
8 0 9925 9943 44546 8 none
7 1615987476302622687 9925 9943 23 14 none
6 1615987476302648387 9925 9942 62 62 none
0 1615987479742830115 9925 9925 0 3 none
2 1615987479742843477 9925 9942 3 0 none
6 1615987479742855075 9925 9942 0 0 none
0 1615987484752460930 9925 9925 0 4 none
2 1615987484752483115 9925 9942 4 1 none
6 1615987484752498494 9925 9942 1 1 none
0 1615987489763553233 9925 9925 0 5 none
2 1615987489763615511 9925 9942 5 2 none
6 1615987489763637076 9925 9942 2 2 none
0 1615987494774674190 9925 9925 0 6 none
2 1615987494774781237 9925 9942 6 3 none
6 1615987494774828989 9925 9942 3 3 none
0 1615987499785388647 9925 9925 0 7 none
2 1615987499785506449 9925 9942 7 4 none
6 1615987499785554158 9925 9942 4 4 none
0 1615987504796392669 9925 9925 0 8 none
2 1615987504796493898 9925 9942 8 5 none
6 1615987504796539083 9925 9942 5 5 none
0 1615987509807947562 9925 9925 0 9 none
2 1615987509808052139 9925 9942 9 6 none
6 1615987509808097938 9925 9942 6 6 none
0 1615987514818339600 9925 9925 0 10 none
2 1615987514818441590 9925 9942 10 7 none
6 1615987514818487460 9925 9942 7 7 none
0 1615987519829516850 9925 9925 0 11 none
2 1615987519829590896 9925 9942 11 8 none
6 1615987519829663241 9925 9942 8 8 none
0 1615987524841076367 9925 9925 0 12 none
2 1615987524841200031 9925 9942 12 9 none
6 1615987524841248544 9925 9942 9 9 none
0 1615987529852485564 9925 9925 0 13 none
2 1615987529852500041 9925 9942 13 10 none
6 1615987529852510491 9925 9942 10 10 none
0 1615987534861800342 9925 9925 0 14 none
2 1615987534861876219 9925 9942 14 11 none
6 1615987534861938548 9925 9942 11 11 none
0 1615987539870706372 9925 9925 0 15 none
2 1615987539870745740 9925 9942 15 12 none
6 1615987539870756433 9925 9942 12 12 none
0 1615987544881308041 9925 9925 0 16 none
2 1615987544881405794 9925 9942 16 13 none
6 1615987544881453062 9925 9942 13 13 none
8 0 9925 9943 59960 10 none
9 0 9925 9925 46643 24 none
9 0 9925 9925 55365 25 none
6 1615987546133544406 9925 9942 62 62 none
7 1615987546134647656 9925 9943 25 15 none
7 1615987546192495837 9925 9943 25 1 none
3 1615987546192519509 9925 9942 1 2 none
7 1615987546342999001 9925 9943 25 2 none
3 1615987546343012777 9925 9942 2 3 none
7 1615987546545426882 9925 9943 25 3 none
3 1615987546545459173 9925 9942 3 4 none
7 1615987546697316584 9925 9943 25 4 none
3 1615987546697345688 9925 9942 4 5 none
7 1615987546848476776 9925 9943 25 5 none
3 1615987546848506504 9925 9942 5 6 none
7 1615987546999966753 9925 9943 25 6 none
3 1615987547000000020 9925 9942 6 7 none
7 1615987547202603652 9925 9943 25 7 none
3 1615987547202653463 9925 9942 7 8 none
7 1615987547353098685 9925 9943 25 8 none
3 1615987547353121323 9925 9942 8 9 none
7 1615987547504690791 9925 9943 25 9 none
3 1615987547504702037 9925 9942 9 10 none
7 1615987547706460113 9925 9943 25 10 none
3 1615987547706472433 9925 9942 10 11 none
7 1615987547857630817 9925 9943 25 11 none
3 1615987547857644745 9925 9942 11 12 none
7 1615987548009428106 9925 9943 25 12 none
3 1615987548009461447 9925 9942 12 13 none
7 1615987548160647395 9925 9943 25 13 none
3 1615987548160663257 9925 9942 13 14 none
7 1615987548364083737 9925 9943 25 14 none
3 1615987548364117116 9925 9942 14 15 none
7 1615987548516510230 9925 9943 25 15 none
3 1615987548516546576 9925 9942 15 16 none
7 1615987548877082266 9925 9943 25 16 none
3 1615987548877115172 9925 9942 16 17 none
7 1615987548877702439 9925 9943 25 17 none
3 1615987548877732528 9925 9942 17 18 none
7 1615987549027379611 9925 9943 25 18 none
3 1615987549027389679 9925 9942 18 19 none
7 1615987549330296849 9925 9943 25 19 none
3 1615987549330312645 9925 9942 19 20 none
7 1615987549380900887 9925 9943 25 20 none
3 1615987549380928270 9925 9942 20 21 none
7 1615987549532349775 9925 9943 25 21 none
3 1615987549532385781 9925 9942 21 22 none
7 1615987549737603332 9925 9943 25 22 none
3 1615987549737637791 9925 9942 22 23 none
7 1615987549839228925 9925 9943 25 23 none
3 1615987549839266451 9925 9942 23 24 none
0 1615987549891856470 9925 9925 0 17 none
2 1615987549891878665 9925 9942 17 14 none
6 1615987549891892058 9925 9942 14 14 none
7 1615987550193117212 9925 9943 25 24 none
3 1615987550193145776 9925 9942 24 25 none
7 1615987550347507053 9925 9943 25 25 none
3 1615987550347520164 9925 9942 25 26 none
7 1615987550701565980 9925 9943 25 26 none
3 1615987550701597098 9925 9942 26 27 none
7 1615987550857142960 9925 9943 25 27 none
3 1615987550857176685 9925 9942 27 28 none
7 1615987551058706446 9925 9943 25 28 none
3 1615987551058738482 9925 9942 28 29 none
7 1615987551210425007 9925 9943 25 29 none
3 1615987551210458603 9925 9942 29 30 none
7 1615987551363013296 9925 9943 25 30 none
3 1615987551363044640 9925 9942 30 31 none
7 1615987551513204737 9925 9943 25 31 none
3 1615987551513213449 9925 9942 31 32 none
7 1615987551665357172 9925 9943 25 32 none
3 1615987551665391352 9925 9942 32 33 none
7 1615987551869830342 9925 9943 25 33 none
3 1615987551869864268 9925 9942 33 34 none
7 1615987552020533957 9925 9943 25 34 none
3 1615987552020567907 9925 9942 34 35 none
7 1615987552171841029 9925 9943 25 35 none
3 1615987552171906786 9925 9942 35 36 none
7 1615987552325885595 9925 9943 25 36 none
3 1615987552325921251 9925 9942 36 37 none
7 1615987552580614445 9925 9943 25 37 none
3 1615987552580625527 9925 9942 37 38 none
7 1615987552681560676 9925 9943 25 38 none
3 1615987552681569612 9925 9942 38 39 none
7 1615987552888721118 9925 9943 25 39 none
3 1615987552888745211 9925 9942 39 40 none
7 1615987553040073054 9925 9943 25 40 none
3 1615987553040096725 9925 9942 40 41 none
7 1615987553191486782 9925 9943 25 41 none
3 1615987553191514454 9925 9942 41 42 none
7 1615987553343828717 9925 9943 25 42 none
3 1615987553343855939 9925 9942 42 43 none
7 1615987553496846172 9925 9943 25 43 none
3 1615987553496882244 9925 9942 43 44 none
7 1615987553698719054 9925 9943 25 44 none
3 1615987553698726853 9925 9942 44 45 none
7 1615987553851524476 9925 9943 25 45 none
3 1615987553851534011 9925 9942 45 46 none
7 1615987554008200694 9925 9943 25 46 none
3 1615987554008234973 9925 9942 46 47 none
7 1615987554209667259 9925 9943 25 47 none
3 1615987554209677504 9925 9942 47 48 none
7 1615987554361817022 9925 9943 25 48 none
3 1615987554361827454 9925 9942 48 49 none
7 1615987554516298832 9925 9943 25 49 none
3 1615987554516311640 9925 9942 49 50 none
7 1615987554668239836 9925 9943 25 50 none
3 1615987554668268403 9925 9942 50 51 none
0 1615987554902044602 9925 9925 0 18 none
2 1615987554902150130 9925 9942 18 15 none
6 1615987554902194215 9925 9942 15 15 none
7 1615987554920948867 9925 9943 25 51 none
3 1615987554920962375 9925 9942 51 52 none
7 1615987555022000465 9925 9943 25 52 none
3 1615987555022033549 9925 9942 52 53 none
7 1615987555172953531 9925 9943 25 53 none
3 1615987555172964198 9925 9942 53 54 none
7 1615987555533203354 9925 9943 25 54 none
3 1615987555533232061 9925 9942 54 55 none
7 1615987555684456454 9925 9943 25 55 none
3 1615987555684484912 9925 9942 55 56 none
7 1615987555684512394 9925 9943 25 56 none
3 1615987555684521879 9925 9942 56 57 none
7 1615987555836088489 9925 9943 25 57 none
3 1615987555836122888 9925 9942 57 58 none
7 1615987556037918652 9925 9943 25 58 none
3 1615987556037936499 9925 9942 58 59 none
7 1615987556188814980 9925 9943 25 59 none
3 1615987556188824216 9925 9942 59 60 none
7 1615987556543550784 9925 9943 25 60 none
3 1615987556543584988 9925 9942 60 61 none
7 1615987556543612226 9925 9943 25 61 none
3 1615987556543620600 9925 9942 61 62 none
7 1615987556846595168 9925 9943 25 62 none
3 1615987556846627773 9925 9942 62 63 none
7 1615987557000739305 9925 9943 25 63 none
3 1615987557000770071 9925 9942 63 64 none
7 1615987557000799723 9925 9943 25 64 none
3 1615987557000809031 9925 9942 64 65 none
7 1615987557356662019 9925 9943 25 65 none
3 1615987557356695777 9925 9942 65 66 none
7 1615987557510848389 9925 9943 25 66 none
3 1615987557510882626 9925 9942 66 67 none
7 1615987557563711131 9925 9943 25 67 none
3 1615987557563729856 9925 9942 67 68 none
7 1615987557867400918 9925 9943 25 68 none
3 1615987557867434119 9925 9942 68 69 none
7 1615987558019342903 9925 9943 25 69 none
3 1615987558019373480 9925 9942 69 70 none
7 1615987558170162772 9925 9943 25 70 none
3 1615987558170215929 9925 9942 70 71 none
7 1615987558374757770 9925 9943 25 71 none
3 1615987558374789553 9925 9942 71 72 none
7 1615987558532652841 9925 9943 25 72 none
3 1615987558532687157 9925 9942 72 73 none
7 1615987558683606184 9925 9943 25 73 none
3 1615987558683665983 9925 9942 73 74 none
7 1615987558885649084 9925 9943 25 74 none
3 1615987558885682876 9925 9942 74 75 none
7 1615987559036979454 9925 9943 25 75 none
3 1615987559036998756 9925 9942 75 76 none
7 1615987559189010337 9925 9943 25 76 none
3 1615987559189043242 9925 9942 76 77 none
7 1615987559189076145 9925 9943 25 77 none
3 1615987559189085801 9925 9942 77 78 none
7 1615987559546921547 9925 9943 25 78 none
3 1615987559546952147 9925 9942 78 79 none
7 1615987559698897620 9925 9943 25 79 none
3 1615987559698929951 9925 9942 79 80 none
7 1615987559698956336 9925 9943 25 80 none
3 1615987559698962523 9925 9942 80 81 none
0 1615987559914148310 9925 9925 0 19 none
2 1615987559914211321 9925 9942 19 16 none
6 1615987559914231562 9925 9942 16 16 none
7 1615987560001170541 9925 9943 25 81 none
3 1615987560001181307 9925 9942 81 82 none
7 1615987560205654685 9925 9943 25 82 none
3 1615987560205687313 9925 9942 82 83 none
7 1615987560206191545 9925 9943 25 83 none
3 1615987560206218472 9925 9942 83 84 none
7 1615987560356371916 9925 9943 25 84 none
3 1615987560356402716 9925 9942 84 85 none
7 1615987560507613693 9925 9943 25 85 none
3 1615987560507666437 9925 9942 85 86 none
7 1615987560714052496 9925 9943 25 86 none
3 1615987560714080326 9925 9942 86 87 none
7 1615987561016701054 9925 9943 25 87 none
3 1615987561016730233 9925 9942 87 88 none
7 1615987561016755730 9925 9943 25 88 none
3 1615987561016761763 9925 9942 88 89 none
7 1615987561168219052 9925 9943 25 89 none
3 1615987561168247552 9925 9942 89 90 none
7 1615987561369831520 9925 9943 25 90 none
3 1615987561369859979 9925 9942 90 91 none
7 1615987561520776467 9925 9943 25 91 none
3 1615987561520815268 9925 9942 91 92 none
7 1615987561723536775 9925 9943 25 92 none
3 1615987561723567913 9925 9942 92 93 none
7 1615987561824206869 9925 9943 25 93 none
3 1615987561824234299 9925 9942 93 94 none
7 1615987562029614153 9925 9943 25 94 none
3 1615987562029649624 9925 9942 94 95 none
7 1615987562184230216 9925 9943 25 95 none
3 1615987562184253531 9925 9942 95 96 none
7 1615987562335631063 9925 9943 25 96 none
3 1615987562335692532 9925 9942 96 97 none
7 1615987562536967724 9925 9943 25 97 none
3 1615987562537001925 9925 9942 97 98 none
7 1615987562692019276 9925 9943 25 98 none
3 1615987562692052672 9925 9942 98 99 none
7 1615987562843500661 9925 9943 25 99 none
3 1615987562843532152 9925 9942 99 100 none
7 1615987562994522720 9925 9943 25 100 none
3 1615987562994551613 9925 9942 100 101 none
7 1615987563197947170 9925 9943 25 101 none
3 1615987563197973153 9925 9942 101 102 none
7 1615987563350676769 9925 9943 25 102 none
3 1615987563350708741 9925 9942 102 103 none
7 1615987563603586718 9925 9943 25 103 none
3 1615987563603613946 9925 9942 103 104 none
7 1615987563711460757 9925 9943 25 104 none
3 1615987563711471362 9925 9942 104 105 none
7 1615987563863252796 9925 9943 25 105 none
3 1615987563863281989 9925 9942 105 106 none
7 1615987564014598733 9925 9943 25 106 none
3 1615987564014629114 9925 9942 106 107 none
7 1615987564165865171 9925 9943 25 107 none
3 1615987564165895905 9925 9942 107 108 none
7 1615987564372068794 9925 9943 25 108 none
3 1615987564372101122 9925 9942 108 109 none
7 1615987564522862223 9925 9943 25 109 none
3 1615987564522879609 9925 9942 109 110 none
7 1615987564879129436 9925 9943 25 110 none
3 1615987564879160699 9925 9942 110 111 none
7 1615987564879195671 9925 9943 25 111 none
3 1615987564879205378 9925 9942 111 112 none
0 1615987564925957527 9925 9925 0 20 none
2 1615987564926025034 9925 9942 20 17 none
6 1615987564926072286 9925 9942 17 17 none
7 1615987565029236069 9925 9943 25 112 none
3 1615987565029246667 9925 9942 112 113 none
7 1615987565180549608 9925 9943 25 113 none
3 1615987565180560139 9925 9942 113 114 none
7 1615987565334461096 9925 9943 25 114 none
3 1615987565334498126 9925 9942 114 115 none
7 1615987565686645325 9925 9943 25 115 none
3 1615987565686656097 9925 9942 115 116 none
7 1615987565841824188 9925 9943 25 116 none
3 1615987565841858593 9925 9942 116 117 none
7 1615987565842159228 9925 9943 25 117 none
3 1615987565842179645 9925 9942 117 118 none
7 1615987566194443678 9925 9943 25 118 none
3 1615987566194479082 9925 9942 118 119 none
7 1615987566350516174 9925 9943 25 119 none
3 1615987566350555669 9925 9942 119 120 none
7 1615987566350589885 9925 9943 25 120 none
3 1615987566350601467 9925 9942 120 121 none
7 1615987566702753227 9925 9943 25 121 none
3 1615987566702781897 9925 9942 121 122 none
7 1615987566856792676 9925 9943 25 122 none
3 1615987566856804637 9925 9942 122 123 none
7 1615987567013507399 9925 9943 25 123 none
3 1615987567013535044 9925 9942 123 124 none
7 1615987567164898159 9925 9943 25 124 none
3 1615987567164931709 9925 9942 124 125 none
7 1615987567366726184 9925 9943 25 125 none
3 1615987567366759912 9925 9942 125 126 none
7 1615987567517540095 9925 9943 25 126 none
3 1615987567517559070 9925 9942 126 127 none
7 1615987567669546075 9925 9943 25 127 none
3 1615987567669581559 9925 9942 127 128 none
7 1615987567871922275 9925 9943 25 128 none
3 1615987567871954206 9925 9942 128 129 none
7 1615987568024897525 9925 9943 25 129 none
3 1615987568024930450 9925 9942 129 130 none
7 1615987568177473291 9925 9943 25 130 none
3 1615987568177507624 9925 9942 130 131 none
7 1615987568432418630 9925 9943 25 131 none
3 1615987568432453818 9925 9942 131 132 none
7 1615987568432998525 9925 9943 25 132 none
3 1615987568433023741 9925 9942 132 133 none
7 1615987568683933680 9925 9943 25 133 none
3 1615987568683964440 9925 9942 133 134 none
7 1615987568733796845 9925 9943 25 134 none
3 1615987568733812470 9925 9942 134 135 none
7 1615987569040748212 9925 9943 25 135 none
3 1615987569040776466 9925 9942 135 136 none
7 1615987569040801783 9925 9943 25 136 none
3 1615987569040807967 9925 9942 136 137 none
7 1615987569343729276 9925 9943 25 137 none
3 1615987569343758985 9925 9942 137 138 none
7 1615987569501681196 9925 9943 25 138 none
3 1615987569501714866 9925 9942 138 139 none
7 1615987569703339619 9925 9943 25 139 none
3 1615987569703372983 9925 9942 139 140 none
7 1615987569855122398 9925 9943 25 140 none
3 1615987569855155178 9925 9942 140 141 none
0 1615987569937513923 9925 9925 0 21 none
2 1615987569937593291 9925 9942 21 18 none
6 1615987569937639079 9925 9942 18 18 none
7 1615987570009920204 9925 9943 25 141 none
3 1615987570009957189 9925 9942 141 142 none
7 1615987570212577664 9925 9943 25 142 none
3 1615987570212607330 9925 9942 142 143 none
7 1615987570363970930 9925 9943 25 143 none
3 1615987570364001933 9925 9942 143 144 none
7 1615987570516579552 9925 9943 25 144 none
3 1615987570516590300 9925 9942 144 145 none
7 1615987570668669827 9925 9943 25 145 none
3 1615987570668699068 9925 9942 145 146 none
7 1615987570870564858 9925 9943 25 146 none
3 1615987570870592129 9925 9942 146 147 none
7 1615987571024019632 9925 9943 25 147 none
3 1615987571024054070 9925 9942 147 148 none
7 1615987571226404924 9925 9943 25 148 none
3 1615987571226439041 9925 9942 148 149 none
7 1615987571327199714 9925 9943 25 149 none
3 1615987571327233156 9925 9942 149 150 none
7 1615987571532750901 9925 9943 25 150 none
3 1615987571532780252 9925 9942 150 151 none
7 1615987571683178896 9925 9943 25 151 none
3 1615987571683196038 9925 9942 151 152 none
7 1615987571834887811 9925 9943 25 152 none
3 1615987571834916361 9925 9942 152 153 none
7 1615987572039050374 9925 9943 25 153 none
3 1615987572039085579 9925 9942 153 154 none
7 1615987572240401592 9925 9943 25 154 none
3 1615987572240437644 9925 9942 154 155 none
7 1615987572493776976 9925 9943 25 155 none
3 1615987572493795837 9925 9942 155 156 none
7 1615987572699677657 9925 9943 25 156 none
3 1615987572699710911 9925 9942 156 157 none
7 1615987572850712611 9925 9943 25 157 none
3 1615987572850748145 9925 9942 157 158 none
7 1615987573003816761 9925 9943 25 158 none
3 1615987573003851074 9925 9942 158 159 none
7 1615987573207507591 9925 9943 25 159 none
3 1615987573207536005 9925 9942 159 160 none
7 1615987573510787026 9925 9943 25 160 none
3 1615987573510823086 9925 9942 160 161 none
7 1615987573869737819 9925 9943 25 161 none
3 1615987573869767070 9925 9942 161 162 none
7 1615987573870334702 9925 9943 25 162 none
3 1615987573870365820 9925 9942 162 163 none
7 1615987574020272293 9925 9943 25 163 none
3 1615987574020289350 9925 9942 163 164 none
7 1615987574377314724 9925 9943 25 164 none
3 1615987574377352046 9925 9942 164 165 none
7 1615987574377384561 9925 9943 25 165 none
3 1615987574377394106 9925 9942 165 166 none
7 1615987574528032471 9925 9943 25 166 none
3 1615987574528064892 9925 9942 166 167 none
7 1615987574683329910 9925 9943 25 167 none
3 1615987574683347372 9925 9942 167 168 none
7 1615987574836572692 9925 9943 25 168 none
3 1615987574836603870 9925 9942 168 169 none
0 1615987574949129918 9925 9925 0 22 none
2 1615987574949212559 9925 9942 22 19 none
6 1615987574949280954 9925 9942 19 19 none
7 1615987575039379389 9925 9943 25 169 none
3 1615987575039412069 9925 9942 169 170 none
7 1615987575191244748 9925 9943 25 170 none
3 1615987575191273328 9925 9942 170 171 none
7 1615987575342501639 9925 9943 25 171 none
3 1615987575342530169 9925 9942 171 172 none
7 1615987575544060928 9925 9943 25 172 none
3 1615987575544088708 9925 9942 172 173 none
7 1615987575696105686 9925 9943 25 173 none
3 1615987575696139300 9925 9942 173 174 none
7 1615987575846997287 9925 9943 25 174 none
3 1615987575847031876 9925 9942 174 175 none
7 1615987575998867721 9925 9943 25 175 none
3 1615987575998901441 9925 9942 175 176 none
7 1615987576202157237 9925 9943 25 176 none
3 1615987576202193229 9925 9942 176 177 none
7 1615987576353611410 9925 9943 25 177 none
3 1615987576353645936 9925 9942 177 178 none
7 1615987576504418396 9925 9943 25 178 none
3 1615987576504440522 9925 9942 178 179 none
7 1615987576714922890 9925 9943 25 179 none
3 1615987576714951053 9925 9942 179 180 none
7 1615987576865780608 9925 9943 25 180 none
3 1615987576865810163 9925 9942 180 181 none
7 1615987577017199970 9925 9943 25 181 none
3 1615987577017229528 9925 9942 181 182 none
7 1615987577169235900 9925 9943 25 182 none
3 1615987577169305435 9925 9942 182 183 none
7 1615987577371005598 9925 9943 25 183 none
3 1615987577371040822 9925 9942 183 184 none
7 1615987577522962045 9925 9943 25 184 none
3 1615987577522992174 9925 9942 184 185 none
7 1615987577675841304 9925 9943 25 185 none
3 1615987577675869594 9925 9942 185 186 none
7 1615987577831322105 9925 9943 25 186 none
3 1615987577831351172 9925 9942 186 187 none
7 1615987578032234738 9925 9943 25 187 none
3 1615987578032242658 9925 9942 187 188 none
7 1615987578184170587 9925 9943 25 188 none
3 1615987578184200338 9925 9942 188 189 none
7 1615987578338872983 9925 9943 25 189 none
3 1615987578338909716 9925 9942 189 190 none
7 1615987578540215031 9925 9943 25 190 none
3 1615987578540243966 9925 9942 190 191 none
7 1615987578692047362 9925 9943 25 191 none
3 1615987578692083196 9925 9942 191 192 none
7 1615987578846829222 9925 9943 25 192 none
3 1615987578846859170 9925 9942 192 193 none
7 1615987579048290994 9925 9943 25 193 none
3 1615987579048324534 9925 9942 193 194 none
7 1615987579199764129 9925 9943 25 194 none
3 1615987579199795585 9925 9942 194 195 none
7 1615987579351558524 9925 9943 25 195 none
3 1615987579351587162 9925 9942 195 196 none
7 1615987579502114374 9925 9943 25 196 none
3 1615987579502149263 9925 9942 196 197 none
7 1615987579703870502 9925 9943 25 197 none
3 1615987579703905946 9925 9942 197 198 none
7 1615987579856781406 9925 9943 25 198 none
3 1615987579856814372 9925 9942 198 199 none
0 1615987579961074190 9925 9925 0 23 none
2 1615987579961169245 9925 9942 23 20 none
6 1615987579961215065 9925 9942 20 20 none
7 1615987580007431359 9925 9943 25 199 none
3 1615987580007457563 9925 9942 199 200 none
7 1615987580209420560 9925 9943 25 200 none
3 1615987580209448978 9925 9942 200 201 none
7 1615987580365481708 9925 9943 25 201 none
3 1615987580365517217 9925 9942 201 202 none
7 1615987580516646177 9925 9943 25 202 none
3 1615987580516680120 9925 9942 202 203 none
7 1615987580668018555 9925 9943 25 203 none
3 1615987580668055735 9925 9942 203 204 none
7 1615987580870418421 9925 9943 25 204 none
3 1615987580870451809 9925 9942 204 205 none
7 1615987581022483826 9925 9943 25 205 none
3 1615987581022514298 9925 9942 205 206 none
7 1615987581173630213 9925 9943 25 206 none
3 1615987581173666850 9925 9942 206 207 none
7 1615987581325618127 9925 9943 25 207 none
3 1615987581325653587 9925 9942 207 208 none
7 1615987581528991560 9925 9943 25 208 none
3 1615987581529029090 9925 9942 208 209 none
7 1615987581731776130 9925 9943 25 209 none
3 1615987581731809777 9925 9942 209 210 none
7 1615987581885053590 9925 9943 25 210 none
3 1615987581885089587 9925 9942 210 211 none
7 1615987582036007191 9925 9943 25 211 none
3 1615987582036046554 9925 9942 211 212 none
7 1615987582187360401 9925 9943 25 212 none
3 1615987582187397765 9925 9942 212 213 none
7 1615987582440445033 9925 9943 25 213 none
3 1615987582440478053 9925 9942 213 214 none
7 1615987582540602409 9925 9943 25 214 none
3 1615987582540635525 9925 9942 214 215 none
7 1615987582743897667 9925 9943 25 215 none
3 1615987582743927274 9925 9942 215 216 none
7 1615987582896125112 9925 9943 25 216 none
3 1615987582896160646 9925 9942 216 217 none
7 1615987583046837653 9925 9943 25 217 none
3 1615987583046867061 9925 9942 217 218 none
7 1615987583248152094 9925 9943 25 218 none
3 1615987583248164159 9925 9942 218 219 none
7 1615987583349946298 9925 9943 25 219 none
3 1615987583349973348 9925 9942 219 220 none
7 1615987583552701390 9925 9943 25 220 none
3 1615987583552732861 9925 9942 220 221 none
7 1615987583703563340 9925 9943 25 221 none
3 1615987583703593575 9925 9942 221 222 none
7 1615987583854722299 9925 9943 25 222 none
3 1615987583854756558 9925 9942 222 223 none
7 1615987584006606880 9925 9943 25 223 none
3 1615987584006637931 9925 9942 223 224 none
7 1615987584207956446 9925 9943 25 224 none
3 1615987584207989188 9925 9942 224 225 none
7 1615987584359203888 9925 9943 25 225 none
3 1615987584359216542 9925 9942 225 226 none
7 1615987584510751278 9925 9943 25 226 none
3 1615987584510789444 9925 9942 226 227 none
7 1615987584714071465 9925 9943 25 227 none
3 1615987584714108802 9925 9942 227 228 none
7 1615987584865454472 9925 9943 25 228 none
3 1615987584865482735 9925 9942 228 229 none
0 1615987584973609255 9925 9925 0 24 none
2 1615987584973736027 9925 9942 24 21 none
6 1615987584973805236 9925 9942 21 21 none
7 1615987585017628956 9925 9943 25 229 none
3 1615987585017664246 9925 9942 229 230 none
7 1615987585168283205 9925 9943 25 230 none
3 1615987585168299418 9925 9942 230 231 none
7 1615987585370969958 9925 9943 25 231 none
3 1615987585371009211 9925 9942 231 232 none
7 1615987585523672364 9925 9943 25 232 none
3 1615987585523707004 9925 9942 232 233 none
7 1615987585674448529 9925 9943 25 233 none
3 1615987585674483916 9925 9942 233 234 none
7 1615987585875846012 9925 9943 25 234 none
3 1615987585875881381 9925 9942 234 235 none
7 1615987586181898603 9925 9943 25 235 none
3 1615987586181933476 9925 9942 235 236 none
7 1615987586332759101 9925 9943 25 236 none
3 1615987586332797123 9925 9942 236 237 none
7 1615987586382806073 9925 9943 25 237 none
3 1615987586382835076 9925 9942 237 238 none
7 1615987586688163335 9925 9943 25 238 none
3 1615987586688193112 9925 9942 238 239 none
7 1615987586838194762 9925 9943 25 239 none
3 1615987586838224890 9925 9942 239 240 none
7 1615987586838745155 9925 9943 25 240 none
3 1615987586838770838 9925 9942 240 241 none
7 1615987587200290940 9925 9943 25 241 none
3 1615987587200326627 9925 9942 241 242 none
7 1615987587401703518 9925 9943 25 242 none
3 1615987587401738154 9925 9942 242 243 none
7 1615987587502753480 9925 9943 25 243 none
3 1615987587502789820 9925 9942 243 244 none
7 1615987587712411669 9925 9943 25 244 none
3 1615987587712439611 9925 9942 244 245 none
7 1615987587863712613 9925 9943 25 245 none
3 1615987587863748171 9925 9942 245 246 none
7 1615987587863775962 9925 9943 25 246 none
3 1615987587863783700 9925 9942 246 247 none
7 1615987588217252432 9925 9943 25 247 none
3 1615987588217328317 9925 9942 247 248 none
7 1615987588368044033 9925 9943 25 248 none
3 1615987588368072407 9925 9942 248 249 none
7 1615987588368560476 9925 9943 25 249 none
3 1615987588368579868 9925 9942 249 250 none
7 1615987588671294310 9925 9943 25 250 none
3 1615987588671330541 9925 9942 250 251 none
7 1615987588872885735 9925 9943 25 251 none
3 1615987588872913173 9925 9942 251 252 none
7 1615987588872938575 9925 9943 25 252 none
3 1615987588872946090 9925 9942 252 253 none
7 1615987589176025087 9925 9943 25 253 none
3 1615987589176060935 9925 9942 253 254 none
7 1615987589378591271 9925 9943 25 254 none
3 1615987589378622879 9925 9942 254 255 none
7 1615987589378657807 9925 9943 25 255 none
3 1615987589378665351 9925 9942 255 256 none
7 1615987589684382124 9925 9943 25 256 none
3 1615987589684409501 9925 9942 256 257 none
7 1615987589684434076 9925 9943 25 257 none
3 1615987589684440263 9925 9942 257 258 none
7 1615987589834932003 9925 9943 25 258 none
3 1615987589834949267 9925 9942 258 259 none
0 1615987589985040652 9925 9925 0 25 none
2 1615987589985155187 9925 9942 25 22 none
6 1615987589985205702 9925 9942 22 22 none
7 1615987590037548450 9925 9943 25 259 none
3 1615987590037583636 9925 9942 259 260 none
7 1615987590189830167 9925 9943 25 260 none
3 1615987590189863276 9925 9942 260 261 none
7 1615987590340260227 9925 9943 25 261 none
3 1615987590340271918 9925 9942 261 262 none
7 1615987590491651159 9925 9943 25 262 none
3 1615987590491665510 9925 9942 262 263 none
7 1615987590699520692 9925 9943 25 263 none
3 1615987590699548800 9925 9942 263 264 none
7 1615987590901626423 9925 9943 25 264 none
3 1615987590901662480 9925 9942 264 265 none
7 1615987591002280704 9925 9943 25 265 none
3 1615987591002316036 9925 9942 265 266 none
7 1615987591206616811 9925 9943 25 266 none
3 1615987591206647312 9925 9942 266 267 none
7 1615987591360712405 9925 9943 25 267 none
3 1615987591360741798 9925 9942 267 268 none
7 1615987591512338599 9925 9943 25 268 none
3 1615987591512371012 9925 9942 268 269 none
7 1615987591664727434 9925 9943 25 269 none
3 1615987591664755564 9925 9942 269 270 none
7 1615987591868241888 9925 9943 25 270 none
3 1615987591868271412 9925 9942 270 271 none
7 1615987592019475572 9925 9943 25 271 none
3 1615987592019510783 9925 9942 271 272 none
7 1615987592170520800 9925 9943 25 272 none
3 1615987592170554907 9925 9942 272 273 none
7 1615987592381138506 9925 9943 25 273 none
3 1615987592381172535 9925 9942 273 274 none
7 1615987592531751038 9925 9943 25 274 none
3 1615987592531788235 9925 9942 274 275 none
7 1615987592683178023 9925 9943 25 275 none
3 1615987592683214169 9925 9942 275 276 none
7 1615987592836065153 9925 9943 25 276 none
3 1615987592836101321 9925 9942 276 277 none
7 1615987593037700174 9925 9943 25 277 none
3 1615987593037736897 9925 9942 277 278 none
7 1615987593189092005 9925 9943 25 278 none
3 1615987593189129561 9925 9942 278 279 none
7 1615987593342941587 9925 9943 25 279 none
3 1615987593342976275 9925 9942 279 280 none
7 1615987593493882536 9925 9943 25 280 none
3 1615987593493919062 9925 9942 280 281 none
7 1615987593696130720 9925 9943 25 281 none
3 1615987593696162761 9925 9942 281 282 none
7 1615987593850755183 9925 9943 25 282 none
3 1615987593850785974 9925 9942 282 283 none
7 1615987594001753793 9925 9943 25 283 none
3 1615987594001783911 9925 9942 283 284 none
7 1615987594203780553 9925 9943 25 284 none
3 1615987594203806634 9925 9942 284 285 none
7 1615987594358304057 9925 9943 25 285 none
3 1615987594358337058 9925 9942 285 286 none
7 1615987594509303094 9925 9943 25 286 none
3 1615987594509339800 9925 9942 286 287 none
7 1615987594661033001 9925 9943 25 287 none
3 1615987594661070515 9925 9942 287 288 none
7 1615987594864787930 9925 9943 25 288 none
3 1615987594864796305 9925 9942 288 289 none
0 1615987594997279427 9925 9925 0 26 none
2 1615987594997377309 9925 9942 26 23 none
6 1615987594997422540 9925 9942 23 23 none
7 1615987595019502246 9925 9943 25 289 none
3 1615987595019534092 9925 9942 289 290 none
7 1615987595171013916 9925 9943 25 290 none
3 1615987595171050341 9925 9942 290 291 none
7 1615987595373125668 9925 9943 25 291 none
3 1615987595373160809 9925 9942 291 292 none
7 1615987595526059552 9925 9943 25 292 none
3 1615987595526097177 9925 9942 292 293 none
7 1615987595677547350 9925 9943 25 293 none
3 1615987595677582058 9925 9942 293 294 none
7 1615987595829987746 9925 9943 25 294 none
3 1615987595830026669 9925 9942 294 295 none
7 1615987596032710302 9925 9943 25 295 none
3 1615987596032740323 9925 9942 295 296 none
7 1615987596183393203 9925 9943 25 296 none
3 1615987596183403060 9925 9942 296 297 none
7 1615987596386556505 9925 9943 25 297 none
3 1615987596386594165 9925 9942 297 298 none
7 1615987596540279200 9925 9943 25 298 none
3 1615987596540315326 9925 9942 298 299 none
7 1615987596691679192 9925 9943 25 299 none
3 1615987596691718124 9925 9942 299 300 none
7 1615987596843077889 9925 9943 25 300 none
3 1615987596843112001 9925 9942 300 301 none
7 1615987597048803218 9925 9943 25 301 none
3 1615987597048834204 9925 9942 301 302 none
7 1615987597199896776 9925 9943 25 302 none
3 1615987597199929861 9925 9942 302 303 none
7 1615987597351469513 9925 9943 25 303 none
3 1615987597351509004 9925 9942 303 304 none
7 1615987597508872670 9925 9943 25 304 none
3 1615987597508905584 9925 9942 304 305 none
7 1615987597710292763 9925 9943 25 305 none
3 1615987597710329566 9925 9942 305 306 none
7 1615987597861075904 9925 9943 25 306 none
3 1615987597861089367 9925 9942 306 307 none
7 1615987598015656644 9925 9943 25 307 none
3 1615987598015669599 9925 9942 307 308 none
7 1615987598167482001 9925 9943 25 308 none
3 1615987598167520995 9925 9942 308 309 none
7 1615987598369194307 9925 9943 25 309 none
3 1615987598369209055 9925 9942 309 310 none
7 1615987598521220238 9925 9943 25 310 none
3 1615987598521257111 9925 9942 310 311 none
7 1615987598672161608 9925 9943 25 311 none
3 1615987598672199858 9925 9942 311 312 none
7 1615987598924977210 9925 9943 25 312 none
3 1615987598925007028 9925 9942 312 313 none
7 1615987599076165851 9925 9943 25 313 none
3 1615987599076182154 9925 9942 313 314 none
7 1615987599228087002 9925 9943 25 314 none
3 1615987599228121953 9925 9942 314 315 none
7 1615987599379027528 9925 9943 25 315 none
3 1615987599379037592 9925 9942 315 316 none
7 1615987599732653792 9925 9943 25 316 none
3 1615987599732681840 9925 9942 316 317 none
7 1615987599732792813 9925 9943 25 317 none
3 1615987599732796852 9925 9942 317 318 none
7 1615987599883881675 9925 9943 25 318 none
3 1615987599883891742 9925 9942 318 319 none
0 1615987600007887713 9925 9925 0 27 none
2 1615987600007969038 9925 9942 27 24 none
6 1615987600008025033 9925 9942 24 24 none
7 1615987600237360785 9925 9943 25 319 none
3 1615987600237382645 9925 9942 319 320 none
7 1615987600237575712 9925 9943 25 320 none
3 1615987600237580713 9925 9942 320 321 none
7 1615987600591311417 9925 9943 25 321 none
3 1615987600591319732 9925 9942 321 322 none
7 1615987600742842174 9925 9943 25 322 none
3 1615987600742851922 9925 9942 322 323 none
7 1615987600742997612 9925 9943 25 323 none
3 1615987600743004039 9925 9942 323 324 none
7 1615987601046498711 9925 9943 25 324 none
3 1615987601046532668 9925 9942 324 325 none
7 1615987601198317771 9925 9943 25 325 none
3 1615987601198329628 9925 9942 325 326 none
7 1615987601198353615 9925 9943 25 326 none
3 1615987601198355733 9925 9942 326 327 none
7 1615987601400549521 9925 9943 25 327 none
3 1615987601400588936 9925 9942 327 328 none
7 1615987601704937077 9925 9943 25 328 none
3 1615987601704961701 9925 9942 328 329 none
7 1615987601906228825 9925 9943 25 329 none
3 1615987601906239285 9925 9942 329 330 none
7 1615987602058511859 9925 9943 25 330 none
3 1615987602058548711 9925 9942 330 331 none
7 1615987602209659061 9925 9943 25 331 none
3 1615987602209694550 9925 9942 331 332 none
7 1615987602360486356 9925 9943 25 332 none
3 1615987602360496615 9925 9942 332 333 none
7 1615987602562245846 9925 9943 25 333 none
3 1615987602562255775 9925 9942 333 334 none
7 1615987602713890606 9925 9943 25 334 none
3 1615987602713901004 9925 9942 334 335 none
7 1615987602865200857 9925 9943 25 335 none
3 1615987602865213920 9925 9942 335 336 none
7 1615987603067164761 9925 9943 25 336 none
3 1615987603067195465 9925 9942 336 337 none
7 1615987603218871428 9925 9943 25 337 none
3 1615987603218880315 9925 9942 337 338 none
7 1615987603370354937 9925 9943 25 338 none
3 1615987603370362188 9925 9942 338 339 none
7 1615987603572439528 9925 9943 25 339 none
3 1615987603572475158 9925 9942 339 340 none
7 1615987603723928070 9925 9943 25 340 none
3 1615987603723936523 9925 9942 340 341 none
7 1615987603875329606 9925 9943 25 341 none
3 1615987603875339057 9925 9942 341 342 none
7 1615987604027025306 9925 9943 25 342 none
3 1615987604027051428 9925 9942 342 343 none
7 1615987604229558779 9925 9943 25 343 none
3 1615987604229568349 9925 9942 343 344 none
7 1615987604380897509 9925 9943 25 344 none
3 1615987604380909171 9925 9942 344 345 none
7 1615987604381010565 9925 9943 25 345 none
3 1615987604381014320 9925 9942 345 346 none
7 1615987604532529615 9925 9943 25 346 none
3 1615987604532537577 9925 9942 346 347 none
7 1615987604885947537 9925 9943 25 347 none
3 1615987604885956458 9925 9942 347 348 none
7 1615987604885965074 9925 9943 25 348 none
3 1615987604885966917 9925 9942 348 349 none
0 1615987605016432098 9925 9925 0 28 none
2 1615987605016540479 9925 9942 28 25 none
6 1615987605016588581 9925 9942 25 25 none
7 1615987605037407945 9925 9943 25 349 none
3 1615987605037416309 9925 9942 349 350 none
7 1615987605189248601 9925 9943 25 350 none
3 1615987605189280589 9925 9942 350 351 none
7 1615987605340482591 9925 9943 25 351 none
3 1615987605340494775 9925 9942 351 352 none
7 1615987605694533015 9925 9943 25 352 none
3 1615987605694543881 9925 9942 352 353 none
7 1615987605846067648 9925 9943 25 353 none
3 1615987605846080206 9925 9942 353 354 none
7 1615987605846090519 9925 9943 25 354 none
3 1615987605846092526 9925 9942 354 355 none
7 1615987606047847794 9925 9943 25 355 none
3 1615987606047856774 9925 9942 355 356 none
7 1615987606351792469 9925 9943 25 356 none
3 1615987606351822816 9925 9942 356 357 none
7 1615987606553220525 9925 9943 25 357 none
3 1615987606553247668 9925 9942 357 358 none
7 1615987606704112228 9925 9943 25 358 none
3 1615987606704124770 9925 9942 358 359 none
7 1615987606704263095 9925 9943 25 359 none
3 1615987606704269043 9925 9942 359 360 none
7 1615987607006827152 9925 9943 25 360 none
3 1615987607006841949 9925 9942 360 361 none
7 1615987607209171543 9925 9943 25 361 none
3 1615987607209202701 9925 9942 361 362 none
7 1615987607362746486 9925 9943 25 362 none
3 1615987607362775601 9925 9942 362 363 none
7 1615987607513558779 9925 9943 25 363 none
3 1615987607513594610 9925 9942 363 364 none
7 1615987607664677047 9925 9943 25 364 none
3 1615987607664707686 9925 9942 364 365 none
7 1615987607869532058 9925 9943 25 365 none
3 1615987607869561435 9925 9942 365 366 none
7 1615987608020850635 9925 9943 25 366 none
3 1615987608020882880 9925 9942 366 367 none
7 1615987608172354707 9925 9943 25 367 none
3 1615987608172390093 9925 9942 367 368 none
7 1615987608378574294 9925 9943 25 368 none
3 1615987608378602370 9925 9942 368 369 none
7 1615987608529697557 9925 9943 25 369 none
3 1615987608529733813 9925 9942 369 370 none
7 1615987608681162649 9925 9943 25 370 none
3 1615987608681198682 9925 9942 370 371 none
7 1615987608887815572 9925 9943 25 371 none
3 1615987608887846604 9925 9942 371 372 none
7 1615987609038409985 9925 9943 25 372 none
3 1615987609038421961 9925 9942 372 373 none
7 1615987609190483456 9925 9943 25 373 none
3 1615987609190519752 9925 9942 373 374 none
7 1615987609344404944 9925 9943 25 374 none
3 1615987609344433094 9925 9942 374 375 none
7 1615987609497079988 9925 9943 25 375 none
3 1615987609497113051 9925 9942 375 376 none
7 1615987609699132517 9925 9943 25 376 none
3 1615987609699167061 9925 9942 376 377 none
7 1615987609904733405 9925 9943 25 377 none
3 1615987609904761459 9925 9942 377 378 none
7 1615987610005042860 9925 9943 25 378 none
3 1615987610005077196 9925 9942 378 379 none
0 1615987610027359548 9925 9925 0 29 none
2 1615987610027436243 9925 9942 29 26 none
6 1615987610027484499 9925 9942 26 26 none
7 1615987610257482639 9925 9943 25 379 none
3 1615987610257510248 9925 9942 379 380 none
7 1615987610360834124 9925 9943 25 380 none
3 1615987610360862100 9925 9942 380 381 none
7 1615987610514111993 9925 9943 25 381 none
3 1615987610514145206 9925 9942 381 382 none
7 1615987610665359022 9925 9943 25 382 none
3 1615987610665393254 9925 9942 382 383 none
7 1615987610867753803 9925 9943 25 383 none
3 1615987610867783338 9925 9942 383 384 none
7 1615987611020547051 9925 9943 25 384 none
3 1615987611020575031 9925 9942 384 385 none
7 1615987611171908320 9925 9943 25 385 none
3 1615987611171938267 9925 9942 385 386 none
7 1615987611375322345 9925 9943 25 386 none
3 1615987611375370034 9925 9942 386 387 none
7 1615987611528007918 9925 9943 25 387 none
3 1615987611528041485 9925 9942 387 388 none
7 1615987611678555422 9925 9943 25 388 none
3 1615987611678565345 9925 9942 388 389 none
7 1615987611880833097 9925 9943 25 389 none
3 1615987611880866754 9925 9942 389 390 none
7 1615987612034641125 9925 9943 25 390 none
3 1615987612034668589 9925 9942 390 391 none
7 1615987612185193996 9925 9943 25 391 none
3 1615987612185224821 9925 9942 391 392 none
7 1615987612336297419 9925 9943 25 392 none
3 1615987612336327996 9925 9942 392 393 none
7 1615987612541663756 9925 9943 25 393 none
3 1615987612541694665 9925 9942 393 394 none
7 1615987612692515595 9925 9943 25 394 none
3 1615987612692534776 9925 9942 394 395 none
7 1615987612844261715 9925 9943 25 395 none
3 1615987612844290356 9925 9942 395 396 none
7 1615987612997755442 9925 9943 25 396 none
3 1615987612997784357 9925 9942 396 397 none
7 1615987613200051474 9925 9943 25 397 none
3 1615987613200078804 9925 9942 397 398 none
7 1615987613351339300 9925 9943 25 398 none
3 1615987613351372948 9925 9942 398 399 none
7 1615987613558826693 9925 9943 25 399 none
3 1615987613558856841 9925 9942 399 400 none
7 1615987613709649130 9925 9943 25 400 none
3 1615987613709685014 9925 9942 400 401 none
7 1615987613860464640 9925 9943 25 401 none
3 1615987613860482758 9925 9942 401 402 none
7 1615987614063162347 9925 9943 25 402 none
3 1615987614063190649 9925 9942 402 403 none
7 1615987614214466719 9925 9943 25 403 none
3 1615987614214500752 9925 9942 403 404 none
7 1615987614416806707 9925 9943 25 404 none
3 1615987614416834987 9925 9942 404 405 none
7 1615987614568679881 9925 9943 25 405 none
3 1615987614568714760 9925 9942 405 406 none
7 1615987614719567286 9925 9943 25 406 none
3 1615987614719602104 9925 9942 406 407 none
7 1615987614871037647 9925 9943 25 407 none
3 1615987614871069859 9925 9942 407 408 none
0 1615987615038615643 9925 9925 0 30 none
2 1615987615038665824 9925 9942 30 27 none
6 1615987615038679228 9925 9942 27 27 none
7 1615987615072719965 9925 9943 25 408 none
3 1615987615072731883 9925 9942 408 409 none
7 1615987615224829608 9925 9943 25 409 none
3 1615987615224858269 9925 9942 409 410 none
7 1615987615578884119 9925 9943 25 410 none
3 1615987615578912395 9925 9942 410 411 none
7 1615987615881538598 9925 9943 25 411 none
3 1615987615881566681 9925 9942 411 412 none
7 1615987615882039979 9925 9943 25 412 none
3 1615987615882062992 9925 9942 412 413 none
7 1615987616084105431 9925 9943 25 413 none
3 1615987616084135746 9925 9942 413 414 none
7 1615987616387096625 9925 9943 25 414 none
3 1615987616387129017 9925 9942 414 415 none
7 1615987616387659225 9925 9943 25 415 none
3 1615987616387683113 9925 9942 415 416 none
7 1615987616589048404 9925 9943 25 416 none
3 1615987616589082981 9925 9942 416 417 none
7 1615987616893296487 9925 9943 25 417 none
3 1615987616893329544 9925 9942 417 418 none
7 1615987616893850302 9925 9943 25 418 none
3 1615987616893877291 9925 9942 418 419 none
7 1615987617044135800 9925 9943 25 419 none
3 1615987617044172029 9925 9942 419 420 none
7 1615987617400111529 9925 9943 25 420 none
3 1615987617400144526 9925 9942 420 421 none
7 1615987617400176614 9925 9943 25 421 none
3 1615987617400186110 9925 9942 421 422 none
7 1615987617551137077 9925 9943 25 422 none
3 1615987617551168856 9925 9942 422 423 none
7 1615987617854504531 9925 9943 25 423 none
3 1615987617854535667 9925 9942 423 424 none
7 1615987617855009937 9925 9943 25 424 none
3 1615987617855036014 9925 9942 424 425 none
7 1615987618055809620 9925 9943 25 425 none
3 1615987618055838058 9925 9942 425 426 none
7 1615987618207622105 9925 9943 25 426 none
3 1615987618207653087 9925 9942 426 427 none
7 1615987618358520083 9925 9943 25 427 none
3 1615987618358555964 9925 9942 427 428 none
7 1615987618560923910 9925 9943 25 428 none
3 1615987618560957811 9925 9942 428 429 none
7 1615987618863989111 9925 9943 25 429 none
3 1615987618864020302 9925 9942 429 430 none
7 1615987618864054705 9925 9943 25 430 none
3 1615987618864064165 9925 9942 430 431 none
7 1615987619014884062 9925 9943 25 431 none
3 1615987619014916788 9925 9942 431 432 none
7 1615987619217618979 9925 9943 25 432 none
3 1615987619217652106 9925 9942 432 433 none
7 1615987619368797184 9925 9943 25 433 none
3 1615987619368834024 9925 9942 433 434 none
7 1615987619520046384 9925 9943 25 434 none
3 1615987619520086282 9925 9942 434 435 none
7 1615987619722538274 9925 9943 25 435 none
3 1615987619722567485 9925 9942 435 436 none
7 1615987619873377581 9925 9943 25 436 none
3 1615987619873409097 9925 9942 436 437 none
0 1615987620050578568 9925 9925 0 31 none
2 1615987620050607062 9925 9942 31 28 none
6 1615987620050624558 9925 9942 28 28 none
7 1615987620074594201 9925 9943 25 437 none
3 1615987620074609580 9925 9942 437 438 none
7 1615987620175993181 9925 9943 25 438 none
3 1615987620176025542 9925 9942 438 439 none
7 1615987620378200022 9925 9943 25 439 none
3 1615987620378231645 9925 9942 439 440 none
7 1615987620529607962 9925 9943 25 440 none
3 1615987620529641322 9925 9942 440 441 none
7 1615987620681073295 9925 9943 25 441 none
3 1615987620681106992 9925 9942 441 442 none
7 1615987620882845850 9925 9943 25 442 none
3 1615987620882856479 9925 9942 442 443 none
7 1615987621034522589 9925 9943 25 443 none
3 1615987621034544953 9925 9942 443 444 none
7 1615987621186883895 9925 9943 25 444 none
3 1615987621186911434 9925 9942 444 445 none
7 1615987621338772549 9925 9943 25 445 none
3 1615987621338809179 9925 9942 445 446 none
7 1615987621540378469 9925 9943 25 446 none
3 1615987621540413016 9925 9942 446 447 none
7 1615987621692036609 9925 9943 25 447 none
3 1615987621692070485 9925 9942 447 448 none
7 1615987621844273110 9925 9943 25 448 none
3 1615987621844309005 9925 9942 448 449 none
7 1615987622045971058 9925 9943 25 449 none
3 1615987622046005147 9925 9942 449 450 none
7 1615987622197527176 9925 9943 25 450 none
3 1615987622197561859 9925 9942 450 451 none
7 1615987622349548489 9925 9943 25 451 none
3 1615987622349582942 9925 9942 451 452 none
7 1615987622500620941 9925 9943 25 452 none
3 1615987622500658040 9925 9942 452 453 none
7 1615987622702324064 9925 9943 25 453 none
3 1615987622702355882 9925 9942 453 454 none
7 1615987622854780535 9925 9943 25 454 none
3 1615987622854817191 9925 9942 454 455 none
7 1615987623006803813 9925 9943 25 455 none
3 1615987623006839589 9925 9942 455 456 none
7 1615987623208443719 9925 9943 25 456 none
3 1615987623208478851 9925 9942 456 457 none
7 1615987623362946524 9925 9943 25 457 none
3 1615987623362960855 9925 9942 457 458 none
7 1615987623514749637 9925 9943 25 458 none
3 1615987623514786482 9925 9942 458 459 none
7 1615987623665705656 9925 9943 25 459 none
3 1615987623665735029 9925 9942 459 460 none
7 1615987623870524204 9925 9943 25 460 none
3 1615987623870560873 9925 9942 460 461 none
7 1615987624023054961 9925 9943 25 461 none
3 1615987624023090700 9925 9942 461 462 none
7 1615987624174332253 9925 9943 25 462 none
3 1615987624174368967 9925 9942 462 463 none
7 1615987624377565202 9925 9943 25 463 none
3 1615987624377603532 9925 9942 463 464 none
7 1615987624580148257 9925 9943 25 464 none
3 1615987624580182853 9925 9942 464 465 none
7 1615987624730422236 9925 9943 25 465 none
3 1615987624730447248 9925 9942 465 466 none
7 1615987624882716130 9925 9943 25 466 none
3 1615987624882754260 9925 9942 466 467 none
0 1615987625061739134 9925 9925 0 32 none
2 1615987625061860931 9925 9942 32 29 none
6 1615987625061908686 9925 9942 29 29 none
7 1615987625085301698 9925 9943 25 467 none
3 1615987625085340192 9925 9942 467 468 none
7 1615987625236132638 9925 9943 25 468 none
3 1615987625236171548 9925 9942 468 469 none
7 1615987625387630716 9925 9943 25 469 none
3 1615987625387670966 9925 9942 469 470 none
7 1615987625539916634 9925 9943 25 470 none
3 1615987625539951944 9925 9942 470 471 none
7 1615987625741605767 9925 9943 25 471 none
3 1615987625741643450 9925 9942 471 472 none
7 1615987625893390588 9925 9943 25 472 none
3 1615987625893430656 9925 9942 472 473 none
7 1615987626045451139 9925 9943 25 473 none
3 1615987626045480787 9925 9942 473 474 none
7 1615987626246631792 9925 9943 25 474 none
3 1615987626246664875 9925 9942 474 475 none
7 1615987626398576106 9925 9943 25 475 none
3 1615987626398609570 9925 9942 475 476 none
7 1615987626550455749 9925 9943 25 476 none
3 1615987626550491673 9925 9942 476 477 none
7 1615987626751715827 9925 9943 25 477 none
3 1615987626751750931 9925 9942 477 478 none
7 1615987626903164344 9925 9943 25 478 none
3 1615987626903198676 9925 9942 478 479 none
7 1615987627054934162 9925 9943 25 479 none
3 1615987627054969322 9925 9942 479 480 none
7 1615987627206104670 9925 9943 25 480 none
3 1615987627206136444 9925 9942 480 481 none
7 1615987627408235887 9925 9943 25 481 none
3 1615987627408267834 9925 9942 481 482 none
7 1615987627560125984 9925 9943 25 482 none
3 1615987627560157556 9925 9942 482 483 none
7 1615987627711288144 9925 9943 25 483 none
3 1615987627711331579 9925 9942 483 484 none
7 1615987627862296628 9925 9943 25 484 none
3 1615987627862325981 9925 9942 484 485 none
7 1615987628064096645 9925 9943 25 485 none
3 1615987628064107856 9925 9942 485 486 none
7 1615987628215279265 9925 9943 25 486 none
3 1615987628215287696 9925 9942 486 487 none
7 1615987628366526237 9925 9943 25 487 none
3 1615987628366536019 9925 9942 487 488 none
7 1615987628517697851 9925 9943 25 488 none
3 1615987628517707665 9925 9942 488 489 none
7 1615987628720629993 9925 9943 25 489 none
3 1615987628720667231 9925 9942 489 490 none
7 1615987628871457214 9925 9943 25 490 none
3 1615987628871466436 9925 9942 490 491 none
7 1615987629073623485 9925 9943 25 491 none
3 1615987629073634381 9925 9942 491 492 none
7 1615987629376858587 9925 9943 25 492 none
3 1615987629376866571 9925 9942 492 493 none
7 1615987629377031397 9925 9943 25 493 none
3 1615987629377036036 9925 9942 493 494 none
7 1615987629579141234 9925 9943 25 494 none
3 1615987629579148251 9925 9942 494 495 none
7 1615987629882152486 9925 9943 25 495 none
3 1615987629882187045 9925 9942 495 496 none
7 1615987630033783458 9925 9943 25 496 none
3 1615987630033806556 9925 9942 496 497 none
0 1615987630072213777 9925 9925 0 33 none
2 1615987630072254571 9925 9942 33 30 none
6 1615987630072265001 9925 9942 30 30 none
7 1615987630388308589 9925 9943 25 497 none
3 1615987630388359071 9925 9942 497 498 none
7 1615987630388946554 9925 9943 25 498 none
3 1615987630388971888 9925 9942 498 499 none
7 1615987630538726333 9925 9943 25 499 none
3 1615987630538737930 9925 9942 499 500 none
7 1615987630842168704 9925 9943 25 500 none
3 1615987630842178870 9925 9942 500 501 none
7 1615987630842372178 9925 9943 25 501 none
3 1615987630842375881 9925 9942 501 502 none
7 1615987631195248937 9925 9943 25 502 none
3 1615987631195258911 9925 9942 502 503 none
7 1615987631346684590 9925 9943 25 503 none
3 1615987631346712429 9925 9942 503 504 none
7 1615987631701112960 9925 9943 25 504 none
3 1615987631701140939 9925 9942 504 505 none
7 1615987631854048567 9925 9943 25 505 none
3 1615987631854086521 9925 9942 505 506 none
7 1615987632005436470 9925 9943 25 506 none
3 1615987632005465470 9925 9942 506 507 none
7 1615987632211249325 9925 9943 25 507 none
3 1615987632211295380 9925 9942 507 508 none
7 1615987632362661089 9925 9943 25 508 none
3 1615987632362672645 9925 9942 508 509 none
7 1615987632514072822 9925 9943 25 509 none
3 1615987632514083957 9925 9942 509 510 none
7 1615987632666759365 9925 9943 25 510 none
3 1615987632666788039 9925 9942 510 511 none
7 1615987632869872082 9925 9943 25 511 none
3 1615987632869908438 9925 9942 511 512 none
7 1615987632870135589 9925 9943 25 512 none
3 1615987632870158001 9925 9942 512 513 none
7 1615987633224498599 9925 9943 25 513 none
3 1615987633224508614 9925 9942 513 514 none
7 1615987633327744569 9925 9943 25 514 none
3 1615987633327773775 9925 9942 514 515 none
7 1615987633328269223 9925 9943 25 515 none
3 1615987633328294232 9925 9942 515 516 none
7 1615987633732089999 9925 9943 25 516 none
3 1615987633732119943 9925 9942 516 517 none
7 1615987633883482574 9925 9943 25 517 none
3 1615987633883494282 9925 9942 517 518 none
0 1615987635082293971 9925 9925 0 34 none
2 1615987635082307730 9925 9942 34 31 none
6 1615987635082318060 9925 9942 31 31 none
0 1615987640091450567 9925 9925 0 35 none
2 1615987640091472608 9925 9942 35 32 none
6 1615987640091486509 9925 9942 32 32 none
