9 0 9912 9912 11311 3 none
10 0 9912 9912 34881 8 none
10 0 9912 9912 36115 9 none
10 0 9912 9912 40243 10 none
8 0 9912 9958 33162 10 none
9 0 9912 9912 37931 11 none
0 1615987474516840825 9912 9912 0 0 none
1 1615987474516816961 9912 9912 1 1 none
2 1615987474516868576 9912 9957 0 0 none
0 1615987474525902229 9912 9912 0 1 none
2 1615987474525932099 9912 9957 1 1 none
1 1615987474525897112 9912 9912 0 0 none
0 1615987474527189041 9912 9912 0 2 none
2 1615987474527207182 9912 9957 2 2 none
1 1615987474527186372 9912 9912 0 0 none
9 0 9912 9912 54707 12 none
6 1615987474575054255 9912 9957 118 118 none
7 1615987474575800692 9912 9958 12 79 none
8 0 9912 9958 47658 8 none
7 1615987474607713920 9912 9958 11 16 none
6 1615987474607751829 9912 9957 118 118 none
0 1615987474614650469 9912 9912 0 3 none
1 1615987474614640739 9912 9912 1 1 none
2 1615987474614913498 9912 9957 3 3 none
0 1615987474687048256 9912 9912 0 4 none
2 1615987474687073026 9912 9957 4 4 none
1 1615987474687043036 9912 9912 0 0 none
0 1615987474695363402 9912 9912 0 5 none
2 1615987474695387213 9912 9957 5 5 none
1 1615987474695359173 9912 9912 0 0 none
0 1615987474730545251 9912 9912 0 6 none
2 1615987474730570639 9912 9957 6 6 none
1 1615987474730535691 9912 9912 1 1 none
0 1615987474752483841 9912 9912 0 7 none
2 1615987474752509167 9912 9957 7 7 none
1 1615987474752478946 9912 9912 0 0 none
0 1615987474754036301 9912 9912 0 8 none
2 1615987474754057150 9912 9957 8 8 none
1 1615987474754032575 9912 9912 0 0 none
8 0 9912 9958 33904 10 none
9 0 9912 9912 32811 14 none
9 0 9912 9912 36469 15 none
6 1615987476199230466 9912 9957 118 118 none
7 1615987476199512183 9912 9958 15 78 none
8 0 9912 9958 33956 10 none
8 0 9912 9958 48168 8 none
7 1615987476501641103 9912 9958 16 14 none
6 1615987476501674735 9912 9957 118 118 none
