9 0 9812 9812 11311 3 none
10 0 9812 9812 41217 8 none
10 0 9812 9812 33668 9 none
10 0 9812 9812 39417 10 none
9 0 9812 9812 37005 11 none
9 0 9812 9812 40501 12 none
8 0 9812 9826 50826 10 none
8 0 9812 9826 50832 10 none
9 0 9812 9812 56531 15 none
9 0 9812 9812 57813 16 none
7 1615987474321904311 9812 9826 15 39 none
7 1615987474322103550 9812 9826 16 39 none
8 0 9812 9826 43864 8 none
7 1615987474325138286 9812 9826 11 39 none
8 0 9812 9826 43912 8 none
7 1615987474352331634 9812 9826 12 16 none
7 1615987474401097677 9812 9826 16 0 none
3 1615987474401129753 9812 9825 0 0 none
4 1615987474401193723 9812 9812 0 0 N20autoware_system_msgs18DrivingCapability_ISaIvEEE
5 1615987474401199847 9812 9812 0 0 none
7 1615987474501164103 9812 9826 16 1 none
3 1615987474501173156 9812 9825 1 1 none
4 1615987474501197365 9812 9812 1 1 N20autoware_system_msgs18DrivingCapability_ISaIvEEE
5 1615987474501202109 9812 9812 1 0 none
7 1615987474601071826 9812 9826 16 2 none
3 1615987474601081375 9812 9825 2 2 none
4 1615987474601110352 9812 9812 2 2 N20autoware_system_msgs18DrivingCapability_ISaIvEEE
5 1615987474601116257 9812 9812 2 0 none
8 0 9812 9826 51466 10 none
9 0 9812 9812 46803 14 none
7 1615987474701066129 9812 9826 16 3 none
3 1615987474701076149 9812 9825 3 3 none
4 1615987474701101346 9812 9812 3 3 N20autoware_system_msgs18DrivingCapability_ISaIvEEE
5 1615987474701106786 9812 9812 3 0 none
8 0 9812 9826 51572 10 none
8 0 9812 9826 51606 10 none
9 0 9812 9812 46803 19 none
7 1615987474801741776 9812 9826 16 4 none
3 1615987474801752528 9812 9825 4 4 none
4 1615987474801777816 9812 9812 4 4 N20autoware_system_msgs18DrivingCapability_ISaIvEEE
5 1615987474801784196 9812 9812 4 0 none
8 0 9812 9826 51630 10 none
8 0 9812 9826 51634 10 none
8 0 9812 9826 51638 10 none
7 1615987474901083202 9812 9826 16 5 none
3 1615987474901092902 9812 9825 5 5 none
4 1615987474901115010 9812 9812 5 5 N20autoware_system_msgs18DrivingCapability_ISaIvEEE
5 1615987474901121165 9812 9812 5 0 none
8 0 9812 9826 44546 8 none
7 1615987474926323380 9812 9826 23 34 none
9 0 9812 9812 54379 17 none
7 1615987474927591304 9812 9826 17 34 none
7 1615987475001111229 9812 9826 16 6 none
3 1615987475001133163 9812 9825 6 6 none
4 1615987475001168888 9812 9812 6 6 N20autoware_system_msgs18DrivingCapability_ISaIvEEE
5 1615987475001175329 9812 9812 6 0 none
9 0 9812 9812 54379 14 none
8 0 9812 9826 44574 8 none
7 1615987475028976133 9812 9826 19 34 none
8 0 9812 9826 44576 8 none
7 1615987475029173866 9812 9826 20 34 none
8 0 9812 9826 44578 8 none
7 1615987475029454011 9812 9826 21 34 none
7 1615987475029795476 9812 9826 14 34 none
3 1615987475029808862 9812 9825 1667445248 7 none
4 1615987475029837611 9812 9812 7 1667445248 N21autoware_control_msgs9GateMode_ISaIvEEE
5 1615987475029842447 9812 9812 1667445248 0 none
3 1615987475050995901 9812 9825 1685015811 8 none
4 1615987475051021414 9812 9812 8 1685015811 N21autoware_control_msgs9GateMode_ISaIvEEE
5 1615987475051026444 9812 9812 1685015811 0 none
7 1615987475101123122 9812 9826 16 7 none
3 1615987475101134981 9812 9825 7 9 none
4 1615987475101163765 9812 9812 9 7 N20autoware_system_msgs18DrivingCapability_ISaIvEEE
5 1615987475101169158 9812 9812 7 0 none
