9 0 9916 9916 11311 4 none
10 0 9916 9916 48117 8 none
10 0 9916 9916 60934 9 none
10 0 9916 9916 44267 10 none
8 0 9916 9980 54546 10 none
0 1615987474574481328 9916 9916 0 0 none
1 1615987474574452764 9916 9916 1 1 none
2 1615987474574508941 9916 9979 0 0 none
8 0 9916 9980 48552 8 none
7 1615987474608825098 9916 9979 11 16 none
6 1615987474608897124 9916 9979 71 71 none
0 1615987474625887292 9916 9916 0 1 none
1 1615987474625881945 9916 9916 0 0 none
2 1615987474625911840 9916 9979 1 1 none
8 0 9916 9980 54920 10 none
0 1615987474652714782 9916 9916 0 2 none
2 1615987474652740211 9916 9979 2 2 none
1 1615987474652708716 9916 9916 0 0 none
0 1615987474697671751 9916 9916 0 3 none
2 1615987474697692033 9916 9979 3 3 none
1 1615987474697662786 9916 9916 1 1 none
0 1615987474726203513 9916 9916 0 4 none
2 1615987474726225070 9916 9979 4 4 none
1 1615987474726198387 9916 9916 0 0 none
0 1615987474740363050 9916 9916 0 5 none
2 1615987474740392929 9916 9979 5 5 none
1 1615987474740358379 9916 9916 0 0 none
0 1615987474755851801 9916 9916 0 6 none
2 1615987474755876329 9916 9979 6 6 none
1 1615987474755844593 9916 9916 1 1 none
0 1615987474772527932 9916 9916 0 7 none
1 1615987474772520835 9916 9916 0 0 none
2 1615987474773301150 9916 9979 7 7 none
0 1615987474775688301 9916 9916 0 8 none
1 1615987474775683243 9916 9916 0 0 none
2 1615987474775710352 9916 9979 8 8 none
9 0 9916 9916 12148 14 none
10 0 9916 9916 99 19 none
8 0 9916 9980 48778 8 none
7 1615987474828095318 9916 9979 22 93 none
6 1615987474828127442 9916 9979 71 71 none
8 0 9916 9980 55278 10 none
9 0 9916 9916 32811 34 none
9 0 9916 9916 36469 35 none
6 1615987476199248059 9916 9979 71 71 none
7 1615987476199501606 9916 9979 35 78 none
