9 0 10019 10019 11311 3 none
10 0 10019 10019 56139 8 none
10 0 10019 10019 38655 9 none
10 0 10019 10019 36681 10 none
8 0 10019 10044 58048 10 none
8 0 10019 10044 58116 10 none
8 0 10019 10044 37708 8 none
7 1615987474735639909 10019 10042 13 31 none
8 0 10019 10044 37732 8 none
7 1615987474770176580 10019 10042 12 16 none
8 0 10019 10044 58390 10 none
8 0 10019 10044 58402 10 none
9 0 10019 10019 39509 15 none
8 0 10019 10044 58464 10 none
9 0 10019 10019 46131 17 none
8 0 10019 10044 37834 8 none
7 1615987474926685986 10019 10042 11 34 none
9 0 10019 10019 42933 18 none
7 1615987475027322978 10019 10042 18 57 none
9 0 10019 10019 40581 15 none
7 1615987475128031731 10019 10042 15 50 none
